-6.396300000000000596e-02 -1.348709999999999909e-01 1.307671666650000120e+00
-6.430800000000000405e-02 -1.370690090499999958e-01 1.352996854619924916e+00
-6.481800000000000062e-02 -1.260195344000000217e-01 1.398202042589849592e+00
-7.850300000000000333e-02 -1.281900596999999975e-01 1.471822230559774347e+00
-7.874799999999999855e-02 -1.303055850500000057e-01 1.530997418529699283e+00
-7.893799999999999428e-02 -1.191661103999999971e-01 1.575627606499624189e+00
-7.898299999999999765e-02 -1.215616357500000078e-01 1.606482794469549003e+00
-7.897300000000000153e-02 -1.097471610999999903e-01 1.636637982439473671e+00
-7.906299999999999439e-02 -1.123576864500000078e-01 1.651148170409398430e+00
-7.946799999999999697e-02 -1.006432118000000070e-01 1.594083358379323245e+00
-7.987299999999999955e-02 -1.028287371499999880e-01 1.564453546349248159e+00
-7.952299999999999647e-02 -9.140926250000000475e-02 1.506748734319173000e+00
-7.850300000000000333e-02 -9.358478785000001743e-02 1.448078922289097736e+00
-6.453799999999999815e-02 -9.629531319999999617e-02 1.419429110274022632e+00
-6.409299999999999720e-02 -9.937583854999999800e-02 1.390759298243947395e+00
-6.346799999999999664e-02 -1.019463639000000033e-01 1.405714486213872183e+00
-4.946799999999999808e-02 -1.045518892500000019e-01 1.421539674168796896e+00
-2.027299999999999935e-02 -9.308741460000000134e-02 1.465369862153721670e+00
-5.228000000000000876e-03 -1.101279399499999895e-01 1.496575050123646555e+00
2.383700000000000055e-02 -9.847346529999999321e-02 1.556375238093571367e+00
3.815199999999999841e-02 -1.302989906500000017e-01 1.674180426048496262e+00
3.890699999999999714e-02 -1.329645159500000007e-01 1.806795614018421148e+00
3.917199999999999849e-02 -1.506500413000000094e-01 1.867430801988345879e+00
3.921199999999999686e-02 -1.386005666500000066e-01 1.999565989958270507e+00
5.322199999999999848e-02 -1.121060920000000044e-01 2.045371177928195561e+00
5.324700000000000266e-02 -1.148966173500000076e-01 2.133296365898120328e+00
5.359700000000000575e-02 -1.170771427000000114e-01 2.192706553868045027e+00
5.320700000000000429e-02 -1.051076680499999916e-01 2.223081741837969805e+00
5.307699999999999918e-02 -9.386819340000000789e-02 2.253366929807894881e+00
3.910699999999999593e-02 -9.600371875000000832e-02 2.297702117777819630e+00
3.873700000000000060e-02 -9.850924409999999021e-02 2.327552305747744299e+00
3.801200000000000412e-02 -8.695476944999999680e-02 2.357867493717669127e+00
2.404700000000000240e-02 -8.933529480000000633e-02 2.387877681687593956e+00
9.112000000000000308e-03 -9.176582014999999648e-02 2.417982869657518741e+00
-4.914299999999999918e-02 -9.452134550000000635e-02 2.447588057627443803e+00
-6.437299999999999967e-02 -9.705687084999999048e-02 2.434223245597368024e+00
-7.864300000000000457e-02 -9.979239619999999422e-02 2.420513433567293315e+00
-7.959299999999999708e-02 -1.025029215500000007e-01 2.391208621537218360e+00
-9.360799999999999677e-02 -1.050634469000000099e-01 2.317988809507142811e+00
-9.409299999999999609e-02 -1.082689721999999938e-01 2.215828997492067298e+00
-9.379300000000001525e-02 -1.108794975500000113e-01 2.142959185446992265e+00
-9.397800000000000598e-02 -1.139400228999999931e-01 2.011369373416917572e+00
-7.925300000000000400e-02 -1.160605482499999924e-01 1.982099561386841957e+00
-7.851800000000000446e-02 -1.194110736000000006e-01 1.939129749356766741e+00
-6.452800000000000202e-02 -1.221165989500000021e-01 1.925444937326691530e+00
-6.407300000000000495e-02 -1.253471243000000013e-01 1.939790125296616541e+00
-6.343799999999999439e-02 -1.420926496499999858e-01 1.955875313266541182e+00
-4.914799999999999724e-02 -1.452881750000000194e-01 2.015030501236465987e+00
-4.902800000000000213e-02 -1.479937003500000070e-01 2.074935689206391043e+00
-3.478300000000000142e-02 -1.650242256999999990e-01 2.192310877176316009e+00
-2.010299999999999934e-02 -1.828447510499999762e-01 2.238531065146240451e+00
-5.407999999999999613e-03 -1.852952764000000141e-01 2.400441253116165186e+00
9.056999999999999079e-03 -1.737508017500000168e-01 2.533486441101090225e+00
9.442000000000000740e-03 -1.764313271000000072e-01 2.651621629056015284e+00
3.815199999999999841e-02 -1.933618524500000102e-01 2.711776817025939756e+00
3.864200000000000274e-02 -1.960773778000000078e-01 2.770967004995864347e+00
3.924700000000000411e-02 -2.134579031499999890e-01 2.830277192965789279e+00
5.363199999999999912e-02 -2.015684284500000034e-01 2.875042380935714625e+00
5.404200000000000670e-02 -2.043189538000000083e-01 2.905557568905638988e+00
5.385200000000000403e-02 -2.219094791500000052e-01 2.935122756875563788e+00
5.369200000000000361e-02 -2.244900045000000066e-01 2.979732944845488785e+00
5.322700000000000348e-02 -2.269705298499999913e-01 3.009983132815413853e+00
5.289699999999999958e-02 -2.009960552000000233e-01 3.039773320785338129e+00
2.418700000000000017e-02 -1.892315805500000003e-01 3.040963508755262890e+00
-2.018299999999999955e-02 -1.912021059000000023e-01 3.027468696725188035e+00
-6.358799999999999175e-02 -1.934126312500000222e-01 3.042543884695112943e+00
-6.479799999999999449e-02 -1.963281565999999978e-01 3.057694072665037677e+00
-7.880299999999999805e-02 -1.987736819500000029e-01 3.014324260649962284e+00
-7.894800000000000428e-02 -1.878442073000000101e-01 2.999774448619886957e+00
-6.480800000000000449e-02 -1.903547326499999970e-01 2.926589636574812303e+00
-6.388800000000000034e-02 -1.931402580000000091e-01 2.839844824544736746e+00
-4.922300000000000286e-02 -1.951507833499999955e-01 2.752635012514661472e+00
9.121999999999999900e-03 -1.986813087000000311e-01 2.751795200484586257e+00
3.806700000000000361e-02 -2.150418340499999914e-01 2.693930388304511148e+00
5.285700000000000121e-02 -2.039423594000000228e-01 2.694530576274436040e+00
6.832200000000000772e-02 -2.064178847000000261e-01 2.680830764244360509e+00
9.766700000000000381e-02 -2.087734100500000245e-01 2.696065952214285577e+00
1.269919999999999938e-01 -2.111639354000000024e-01 2.726536140184210311e+00
1.570170000000000177e-01 -2.138794607500000000e-01 2.829506328154135275e+00
1.712219999999999853e-01 -2.173949860999999928e-01 2.889311516274059688e+00
1.715220000000000078e-01 -2.206405114500000209e-01 3.007411704243984740e+00
2.004220000000000168e-01 -2.368110368000000132e-01 3.155036892213909816e+00
2.447220000000000228e-01 -2.260615621499999783e-01 3.244452080183834575e+00
2.742720000000000158e-01 -2.284470874999999790e-01 3.348087268153759233e+00
2.742720000000000158e-01 -2.458726128500000052e-01 3.407612456123684019e+00
2.738220000000000098e-01 -2.482731382000000209e-01 3.482097644093609112e+00
2.746719999999999717e-01 -2.514086635500000222e-01 3.541762832078533485e+00
2.740219999999999878e-01 -2.540241889000000031e-01 3.585908020048458322e+00
2.589720000000000355e-01 -2.570547142499999826e-01 3.616723208018383318e+00
2.298720000000000208e-01 -2.593602395999999866e-01 3.661238395988308358e+00
1.863720000000000099e-01 -2.614557649500000025e-01 3.705798583958233028e+00
1.710720000000000018e-01 -2.647612903000000073e-01 3.750728771928157457e+00
1.560519999999999963e-01 -2.674368156499999927e-01 3.809808959898082659e+00
9.743700000000000971e-02 -2.701273409500000167e-01 3.839809147868007422e+00
3.915199999999999930e-02 -2.724128663000000006e-01 3.826474335837932284e+00
3.811700000000000504e-02 -2.606433916500000003e-01 3.826464523807856732e+00
-3.505799999999999889e-02 -2.483439170000000251e-01 3.812769711762781899e+00
-6.398299999999999821e-02 -2.221994423499999982e-01 3.755124899732706911e+00
-6.467299999999999438e-02 -2.394499676999999882e-01 3.681495087702631341e+00
-7.869800000000000406e-02 -2.421204930500000241e-01 3.652485275672555876e+00
-7.886300000000000254e-02 -2.155110184000000040e-01 3.609215463642481136e+00
-7.842800000000001159e-02 -1.887665437500000154e-01 3.595315651612406072e+00
-9.389799999999999536e-02 -1.769970690999999874e-01 3.610405839582329968e+00
-7.967299999999999383e-02 -1.788825944499999876e-01 3.655361027552255226e+00
-9.360300000000000564e-02 -1.680731198000000315e-01 3.700341215522180427e+00
-6.482300000000000562e-02 -1.705536451500000161e-01 3.773941403492105273e+00
-7.850799999999999446e-02 -1.729191704999999968e-01 3.878241591462030513e+00
-6.402800000000000158e-02 -1.757096958500000139e-01 3.996151779431954321e+00
-6.420800000000000118e-02 -1.782452212000000258e-01 4.114951967401879074e+00
-6.418300000000000394e-02 -1.662257465500000253e-01 4.248132155386804776e+00
-7.841300000000001047e-02 -1.544962719000000095e-01 4.380507343341728976e+00
-6.391800000000000259e-02 -1.275567971999999883e-01 4.440442531311653340e+00
-6.398299999999999821e-02 -1.159673225499999877e-01 4.529442719281578711e+00
-6.410300000000000720e-02 -1.043028478999999953e-01 4.588607907251503804e+00
-6.400000000000000133e-02 -1.210083732500000092e-01 4.619078095221428981e+00
-6.400000000000000133e-02 -1.242038986000000012e-01 4.649343283191353038e+00
-6.400000000000000133e-02 -1.267194239499999930e-01 4.679533471161278158e+00
-6.400000000000000133e-02 -1.437749492999999823e-01 4.709468659131203161e+00
-6.400000000000000133e-02 -1.319854746500000175e-01 4.739438847101126839e+00
-6.400000000000000133e-02 -1.348709999999999909e-01 4.769184035071051930e+00
-6.396300000000000596e-02 -1.348709999999999909e-01 4.916694223040977363e+00
-6.430800000000000405e-02 -1.370690090499999958e-01 4.962019411010902381e+00
-6.481800000000000062e-02 -1.260195344000000217e-01 5.007224598980827501e+00
-7.850300000000000333e-02 -1.281900596999999975e-01 5.080844786950751590e+00
-7.874799999999999855e-02 -1.303055850500000057e-01 5.140019974920676304e+00
-7.893799999999999428e-02 -1.191661103999999971e-01 5.184650162890601877e+00
-7.898299999999999765e-02 -1.215616357500000078e-01 5.215505350860525802e+00
-7.897300000000000153e-02 -1.097471610999999903e-01 5.245660538830450470e+00
-7.906299999999999439e-02 -1.123576864500000078e-01 5.260170726800375895e+00
-7.946799999999999697e-02 -1.006432118000000070e-01 5.203105914770301155e+00
-7.987299999999999955e-02 -1.028287371499999880e-01 5.173476102740226068e+00
-7.952299999999999647e-02 -9.140926250000000475e-02 5.115771290710149799e+00
-7.850300000000000333e-02 -9.358478785000001743e-02 5.057101478680074536e+00
-6.453799999999999815e-02 -9.629531319999999617e-02 5.028451666665000097e+00
-6.409299999999999720e-02 -9.937583854999999800e-02 4.969706666665000050e+00
-3.343796996996996340e-02 -1.019463639000000033e-01 4.954586666664999584e+00
1.059206006006006145e-02 -1.045518892500000019e-01 4.940336666650000375e+00
6.981709009009008648e-02 -9.308741460000000134e-02 4.954091666664999671e+00
1.148921201201201225e-01 -1.101279399499999895e-01 4.955221666665000413e+00
1.739871501501501494e-01 -9.847346529999999321e-02 4.984946666665000414e+00
2.183321801801801632e-01 -1.302989906500000017e-01 5.072676666649999611e+00
2.491172102102102159e-01 -1.329645159500000007e-01 5.175216666649999908e+00
2.794122402402402505e-01 -1.506500413000000094e-01 5.205776666650000273e+00
3.094822702702703099e-01 -1.386005666500000066e-01 5.307836666650000090e+00
3.535223003003002962e-01 -1.121060920000000044e-01 5.323566666649999668e+00
3.835773303303303128e-01 -1.148966173500000076e-01 5.381416666649999847e+00
4.139573603603603491e-01 -1.170771427000000114e-01 5.410751666650000402e+00
4.435973903903903670e-01 -1.051076680499999916e-01 5.411051666649999703e+00
4.734974204204204229e-01 -9.386819340000000789e-02 5.411261666649999746e+00
4.895574504504504598e-01 -9.600371875000000832e-02 5.425521666649999908e+00
5.192174804804804422e-01 -9.850924409999999021e-02 5.425296666650000432e+00
5.485225105105105969e-01 -8.695476944999999680e-02 5.425536666650000228e+00
5.645875405405406111e-01 -8.933529480000000633e-02 5.425471666650000024e+00
5.796825705705705989e-01 -9.176582014999999648e-02 5.425501666649999777e+00
5.514576006006005615e-01 -9.452134550000000635e-02 5.425031666649999806e+00
5.662576306306306151e-01 -9.705687084999999048e-02 5.381591666650000327e+00
5.820176606606606295e-01 -9.979239619999999422e-02 5.337806666649999698e+00
6.110976906906906425e-01 -1.025029215500000007e-01 5.278426666649999710e+00
6.271127207207206622e-01 -1.050634469000000099e-01 5.175131666649999573e+00
6.566577507507507239e-01 -1.082689721999999938e-01 5.042896666665000360e+00
6.869877807807807102e-01 -1.108794975500000113e-01 4.939951666649999851e+00
7.168328108108108498e-01 -1.139400228999999931e-01 4.778286666649999681e+00
7.615878408408408573e-01 -1.160605482499999924e-01 4.718941666650000144e+00
7.923528708708709178e-01 -1.194110736000000006e-01 4.645896666649999673e+00
8.363729009009008841e-01 -1.221165989500000021e-01 4.602136666649999874e+00
8.668579309309308867e-01 -1.253471243000000013e-01 4.586406666650000297e+00
8.975229609609609582e-01 -1.420926496499999858e-01 4.572416666649999684e+00
9.418429909909910025e-01 -1.452881750000000194e-01 4.601496666650000122e+00
9.719930210210211419e-01 -1.479937003500000070e-01 4.631326666649999702e+00
1.016268051051051113e+00 -1.650242256999999990e-01 4.718626666649999635e+00
1.060978081081081159e+00 -1.828447510499999762e-01 4.734771666650000377e+00
1.105703111111111081e+00 -1.852952764000000141e-01 4.866606666650000079e+00
1.150198141141141273e+00 -1.737508017500000168e-01 4.969576666664999642e+00
1.180613171171171150e+00 -1.764313271000000072e-01 5.057636666649999668e+00
1.239353201201201182e+00 -1.933618524500000102e-01 5.087716666649999553e+00
1.269873231231231303e+00 -1.960773778000000078e-01 5.116831666650000443e+00
1.300508261261261289e+00 -2.134579031499999890e-01 5.146066666650000343e+00
1.344923291291291179e+00 -2.015684284500000034e-01 5.160756666650000213e+00
1.375363321321321219e+00 -2.043189538000000083e-01 5.161196666650000431e+00
1.405203351351351326e+00 -2.219094791500000052e-01 5.160686666650000198e+00
1.435073381381381408e+00 -2.244900045000000066e-01 5.175221666649999719e+00
1.464638411411411267e+00 -2.269705298499999913e-01 5.175396666650000199e+00
1.494338441441441345e+00 -2.009960552000000233e-01 5.175111666650000330e+00
1.495658471471471351e+00 -1.892315805500000003e-01 5.146226666649999615e+00
1.481318501501501350e+00 -1.912021059000000023e-01 5.102656666649999728e+00
1.467943531531531454e+00 -1.934126312500000222e-01 5.087656666650000048e+00
1.496763561561561540e+00 -1.963281565999999978e-01 5.072731666650000193e+00
1.512788591591591514e+00 -1.987736819500000029e-01 4.999286666665000212e+00
1.542673621621621693e+00 -1.878442073000000101e-01 4.954661666665000297e+00
1.586843651651651754e+00 -1.903547326499999970e-01 4.851401666650000166e+00
1.617793681681681806e+00 -1.931402580000000091e-01 4.734581666649999576e+00
1.662488711711711753e+00 -1.951507833499999955e-01 4.617296666649999715e+00
1.750863741741741864e+00 -1.986813087000000311e-01 4.586381666650000355e+00
1.809838771771771881e+00 -2.150418340499999914e-01 4.498441666499999769e+00
1.854658801801801760e+00 -2.039423594000000228e-01 4.468966666500000073e+00
1.900153831831831841e+00 -2.064178847000000261e-01 4.425191666499999954e+00
1.959528861861861815e+00 -2.087734100500000245e-01 4.410351666500000434e+00
2.018883891891891658e+00 -2.111639354000000024e-01 4.410746666499999691e+00
2.078938921921921867e+00 -2.138794607500000000e-01 4.483641666499999623e+00
2.123173951951951910e+00 -2.173949860999999928e-01 4.513371666650000336e+00
2.153503981981982118e+00 -2.206405114500000209e-01 4.601396666650000356e+00
2.212434012012012285e+00 -2.368110368000000132e-01 4.718946666649999955e+00
2.286764042042042089e+00 -2.260615621499999783e-01 4.778286666649999681e+00
2.346344072072072073e+00 -2.284470874999999790e-01 4.851846666650000195e+00
2.376374102102102093e+00 -2.458726128500000052e-01 4.881296666649999949e+00
2.405954132132132273e+00 -2.482731382000000209e-01 4.925706666650000010e+00
2.436834162162162087e+00 -2.514086635500000222e-01 4.955296666665000238e+00
2.466214192192192289e+00 -2.540241889000000031e-01 4.969366666664999599e+00
2.481194222222222301e+00 -2.570547142499999826e-01 4.970106666665000006e+00
2.482124252252252194e+00 -2.593602395999999866e-01 4.984546666664999570e+00
2.468654282282282342e+00 -2.614557649500000025e-01 4.999031666665000095e+00
2.483384312312312492e+00 -2.647612903000000073e-01 5.013886666664999936e+00
2.498394342342342256e+00 -2.674368156499999927e-01 5.042891666664999661e+00
2.469809372372372636e+00 -2.701273409500000167e-01 5.042816666664999836e+00
2.441554402402402513e+00 -2.724128663000000006e-01 4.999406666665000110e+00
2.470549432432432635e+00 -2.606433916500000003e-01 4.969321666665000414e+00
2.427404462462462664e+00 -2.483439170000000251e-01 4.925551666649999660e+00
2.428509492492492594e+00 -2.221994423499999982e-01 4.837831666649999640e+00
2.457849522522522534e+00 -2.394499676999999882e-01 4.734126666649999926e+00
2.473854552552552377e+00 -2.421204930500000241e-01 4.675041666650000316e+00
2.503719582582582426e+00 -2.155110184000000040e-01 4.601696666649999656e+00
2.534184612612612408e+00 -1.887665437500000154e-01 4.557721666650000003e+00
2.548744642642642777e+00 -1.769970690999999874e-01 4.542736666649999755e+00
2.592999672672672506e+00 -1.788825944499999876e-01 4.557616666650000425e+00
2.609099702702702750e+00 -1.680731198000000315e-01 4.572521666650000149e+00
2.667909732732732575e+00 -1.705536451500000161e-01 4.616046666649999963e+00
2.684254762762762869e+00 -1.729191704999999968e-01 4.690271666650000171e+00
2.728764792792792715e+00 -1.757096958500000139e-01 4.778106666650000278e+00
2.758614822822822887e+00 -1.782452212000000258e-01 4.866831666650000443e+00
2.788669852852852848e+00 -1.662257465500000253e-01 4.969936666665000224e+00
2.804469882882882903e+00 -1.544962719000000095e-01 5.072236666650000281e+00
2.848994912912912625e+00 -1.275567971999999883e-01 5.102096666649999612e+00
2.878959942942942885e+00 -1.159673225499999877e-01 5.161021666649999950e+00
2.908869972972973006e+00 -1.043028478999999953e-01 5.190111666650000011e+00
2.939003003003002767e+00 -1.210083732500000092e-01 5.190506666650000156e+00
2.969033033033032787e+00 -1.242038986000000012e-01 5.190696666650000068e+00
2.999063063063062806e+00 -1.267194239499999930e-01 5.190811666650000156e+00
3.029093093093092826e+00 -1.437749492999999823e-01 5.190671666650000127e+00
3.059123123123122845e+00 -1.319854746500000175e-01 5.190566666649999661e+00
3.089153153153152864e+00 -1.348709999999999909e-01 5.190236666649999719e+00
3.119220183183182726e+00 -1.348709999999999909e-01 5.307671666650000120e+00
3.148905213213213372e+00 -1.370690090499999958e-01 5.322921666650000105e+00
3.178425243243243603e+00 -1.260195344000000217e-01 5.338051666650000193e+00
3.194770273273273453e+00 -1.281900596999999975e-01 5.381596666650000138e+00
3.224555303303303422e+00 -1.303055850500000057e-01 5.410696666649999820e+00
3.254395333333333529e+00 -1.191661103999999971e-01 5.425251666650000359e+00
3.284380363363363475e+00 -1.215616357500000078e-01 5.426031666650000140e+00
3.314420393393393560e+00 -1.097471610999999903e-01 5.426111666649999776e+00
3.344360423423423434e+00 -1.123576864500000078e-01 5.410546666650000169e+00
3.373985453453453687e+00 -1.006432118000000070e-01 5.323406666650000396e+00
3.403610483483483495e+00 -1.028287371499999880e-01 5.263701666650000277e+00
3.433990513513513587e+00 -9.140926250000000475e-02 5.175921666649999864e+00
3.465040543543543627e+00 -9.358478785000001743e-02 5.087176666649999568e+00
3.509035573573573430e+00 -9.629531319999999617e-02 5.028451666665000097e+00
3.539510603603603478e+00 -9.937583854999999800e-02 4.969706666665000050e+00
3.570165633633633817e+00 -1.019463639000000033e-01 4.954586666664999584e+00
3.614195663663663627e+00 -1.045518892500000019e-01 4.940336666650000375e+00
3.673420693693693728e+00 -9.308741460000000134e-02 4.954091666664999671e+00
3.718495723723723945e+00 -1.101279399499999895e-01 4.955221666665000413e+00
3.777590753753753638e+00 -9.847346529999999321e-02 4.984946666665000414e+00
3.821935783783783958e+00 -1.302989906500000017e-01 5.072676666649999611e+00
3.852720813813813816e+00 -1.329645159500000007e-01 5.175216666649999908e+00
3.883015843843844017e+00 -1.506500413000000094e-01 5.205776666650000273e+00
3.913085873873873854e+00 -1.386005666500000066e-01 5.307836666650000090e+00
3.957125903903903730e+00 -1.121060920000000044e-01 5.323566666649999668e+00
3.987180933933933691e+00 -1.148966173500000076e-01 5.381416666649999847e+00
4.017560963963964227e+00 -1.170771427000000114e-01 5.410751666650000402e+00
4.047200993993993912e+00 -1.051076680499999916e-01 5.411051666649999703e+00
4.077101024024024412e+00 -9.386819340000000789e-02 5.411261666649999746e+00
4.093161054054053949e+00 -9.600371875000000832e-02 5.425521666649999908e+00
4.122821084084084653e+00 -9.850924409999999021e-02 5.425296666650000432e+00
4.152126114114114586e+00 -8.695476944999999680e-02 5.425536666650000228e+00
4.168191144144144822e+00 -8.933529480000000633e-02 5.425471666650000024e+00
4.183286174174174477e+00 -9.176582014999999648e-02 5.425501666649999777e+00
4.155061204204204550e+00 -9.452134550000000635e-02 5.425031666649999806e+00
4.169861234234234715e+00 -9.705687084999999048e-02 5.381591666650000327e+00
4.185621264264264951e+00 -9.979239619999999422e-02 5.337806666649999698e+00
4.214701294294294520e+00 -1.025029215500000007e-01 5.278426666649999710e+00
4.230716324324324873e+00 -1.050634469000000099e-01 5.175131666649999573e+00
4.260261354354354602e+00 -1.082689721999999938e-01 5.042896666665000360e+00
4.290591384384384810e+00 -1.108794975500000113e-01 4.939951666649999851e+00
4.320436414414414728e+00 -1.139400228999999931e-01 4.778286666649999681e+00
4.365191444444445068e+00 -1.160605482499999924e-01 4.718941666650000144e+00
4.395956474474474795e+00 -1.194110736000000006e-01 4.645896666649999673e+00
4.439976504504504540e+00 -1.221165989500000021e-01 4.602136666649999874e+00
4.470461534534535097e+00 -1.253471243000000013e-01 4.586406666650000297e+00
4.501126564564565058e+00 -1.420926496499999858e-01 4.572416666649999684e+00
4.545446594594594991e+00 -1.452881750000000194e-01 4.601496666650000122e+00
4.575596624624624909e+00 -1.479937003500000070e-01 4.631326666649999702e+00
4.619871654654654769e+00 -1.650242256999999990e-01 4.718626666649999635e+00
4.664581684684685037e+00 -1.828447510499999762e-01 4.734771666650000377e+00
4.709306714714714737e+00 -1.852952764000000141e-01 4.866606666650000079e+00
4.753801744744745150e+00 -1.737508017500000168e-01 4.969576666664999642e+00
4.784216774774774805e+00 -1.764313271000000072e-01 5.057636666649999668e+00
4.842956804804805060e+00 -1.933618524500000102e-01 5.087716666649999553e+00
4.873476834834835181e+00 -1.960773778000000078e-01 5.116831666650000443e+00
4.904111864864864501e+00 -2.134579031499999890e-01 5.146066666650000343e+00
4.948526894894895278e+00 -2.015684284500000034e-01 5.160756666650000213e+00
4.978966924924924875e+00 -2.043189538000000083e-01 5.161196666650000431e+00
5.008806954954954982e+00 -2.219094791500000052e-01 5.160686666650000198e+00
5.038676984984984841e+00 -2.244900045000000066e-01 5.175221666649999719e+00
5.068242015015014701e+00 -2.269705298499999913e-01 5.175396666650000199e+00
5.097942045045044779e+00 -2.009960552000000233e-01 5.175111666650000330e+00
5.099262075075075451e+00 -1.892315805500000003e-01 5.146226666649999615e+00
5.084922105105104784e+00 -1.912021059000000023e-01 5.102656666649999728e+00
5.071547135135134887e+00 -1.934126312500000222e-01 5.087656666650000048e+00
5.100367165165165417e+00 -1.963281565999999978e-01 5.072731666650000193e+00
5.116392195195195391e+00 -1.987736819500000029e-01 4.999286666665000212e+00
5.146277225225225571e+00 -1.878442073000000101e-01 4.954661666665000297e+00
5.190447255255254966e+00 -1.903547326499999970e-01 4.851401666650000166e+00
5.221397285285284795e+00 -1.931402580000000091e-01 4.734581666649999576e+00
5.266092315315315631e+00 -1.951507833499999955e-01 4.617296666649999715e+00
5.354467345345344853e+00 -1.986813087000000311e-01 4.586381666650000355e+00
5.413442375375375093e+00 -2.150418340499999914e-01 4.498441666499999769e+00
5.458262405405405637e+00 -2.039423594000000228e-01 4.468966666500000073e+00
5.503757435435435497e+00 -2.064178847000000261e-01 4.425191666499999954e+00
5.563132465465465692e+00 -2.087734100500000245e-01 4.410351666500000434e+00
5.622487495495494869e+00 -2.111639354000000024e-01 4.410746666499999691e+00
5.682542525525525079e+00 -2.138794607500000000e-01 4.483641666499999623e+00
5.726777555555555566e+00 -2.173949860999999928e-01 4.513371666650000336e+00
5.757107585585585774e+00 -2.206405114500000209e-01 4.601396666650000356e+00
5.816037615615615053e+00 -2.368110368000000132e-01 4.718946666649999955e+00
5.890367645645645744e+00 -2.260615621499999783e-01 4.778286666649999681e+00
5.949947675675675285e+00 -2.284470874999999790e-01 4.851846666650000195e+00
5.979977705705705304e+00 -2.458726128500000052e-01 4.881296666649999949e+00
6.009557735735735484e+00 -2.482731382000000209e-01 4.925706666650000010e+00
6.040437765765765299e+00 -2.514086635500000222e-01 4.955296666665000238e+00
6.069817795795795945e+00 -2.540241889000000031e-01 4.969366666664999599e+00
6.084797825825825512e+00 -2.570547142499999826e-01 4.970106666665000006e+00
6.085727855855855850e+00 -2.593602395999999866e-01 4.984546666664999570e+00
6.072257885885885997e+00 -2.614557649500000025e-01 4.999031666665000095e+00
6.086987915915915259e+00 -2.647612903000000073e-01 5.013886666664999936e+00
6.101997945945945467e+00 -2.674368156499999927e-01 5.042891666664999661e+00
6.073412975975975847e+00 -2.701273409500000167e-01 5.042816666664999836e+00
6.045158006006005280e+00 -2.724128663000000006e-01 4.999406666665000110e+00
6.074153036036035402e+00 -2.606433916500000003e-01 4.969321666665000414e+00
6.031008066066065432e+00 -2.483439170000000251e-01 4.925551666649999660e+00
6.032113096096095362e+00 -2.221994423499999982e-01 4.837831666649999640e+00
6.061453126126125746e+00 -2.394499676999999882e-01 4.734126666649999926e+00
6.077458156156155589e+00 -2.421204930500000241e-01 4.675041666650000316e+00
6.107323186186185637e+00 -2.155110184000000040e-01 4.601696666649999656e+00
6.137788216216216064e+00 -1.887665437500000154e-01 4.557721666650000003e+00
6.152348246246245544e+00 -1.769970690999999874e-01 4.542736666649999755e+00
6.196603276276276162e+00 -1.788825944499999876e-01 4.557616666650000425e+00
6.212703306306305961e+00 -1.680731198000000315e-01 4.572521666650000149e+00
6.271513336336336231e+00 -1.705536451500000161e-01 4.616046666649999963e+00
6.287858366366365637e+00 -1.729191704999999968e-01 4.690271666650000171e+00
6.332368396396395482e+00 -1.757096958500000139e-01 4.778106666650000278e+00
6.362218426426426987e+00 -1.782452212000000258e-01 4.866831666650000443e+00
6.392273456456456948e+00 -1.662257465500000253e-01 4.969936666665000224e+00
6.408073486486486559e+00 -1.544962719000000095e-01 5.072236666650000281e+00
6.452598516516516725e+00 -1.275567971999999883e-01 5.102096666649999612e+00
6.482563546546546540e+00 -1.159673225499999877e-01 5.161021666649999950e+00
6.512473576576576662e+00 -1.043028478999999953e-01 5.190111666650000011e+00
6.542606606606606867e+00 -1.210083732500000092e-01 5.190506666650000156e+00
6.572636636636636887e+00 -1.242038986000000012e-01 5.190696666650000068e+00
6.602666666666666906e+00 -1.267194239499999930e-01 5.190811666650000156e+00
6.632696696696696925e+00 -1.437749492999999823e-01 5.190671666650000127e+00
6.662726726726726945e+00 -1.319854746500000175e-01 5.190566666649999661e+00
6.692756756756756964e+00 -1.348709999999999909e-01 5.190236666649999719e+00
6.722823786786786826e+00 -1.348709999999999909e-01 5.307671666650000120e+00
6.752508816816817472e+00 -1.370690090499999958e-01 5.322921666650000105e+00
6.782028846846847259e+00 -1.260195344000000217e-01 5.338051666650000193e+00
6.798373876876876665e+00 -1.281900596999999975e-01 5.381596666650000138e+00
6.828158906906907077e+00 -1.303055850500000057e-01 5.410696666649999820e+00
6.857998936936937184e+00 -1.191661103999999971e-01 5.425251666650000359e+00
6.887983966966967131e+00 -1.215616357500000078e-01 5.426031666650000140e+00
6.918023996996996772e+00 -1.097471610999999903e-01 5.426111666649999776e+00
6.947964027027027534e+00 -1.123576864500000078e-01 5.410546666650000169e+00
6.977589057057056898e+00 -1.006432118000000070e-01 5.323406666650000396e+00
7.007214087087087151e+00 -1.028287371499999880e-01 5.263701666650000277e+00
7.037594117117117243e+00 -9.140926250000000475e-02 5.175921666649999864e+00
7.068644147147146839e+00 -9.358478785000001743e-02 5.087176666649999568e+00
7.112639177177177530e+00 -9.629531319999999617e-02 5.028451666665000097e+00
7.143114207207207578e+00 -9.937583854999999800e-02 4.969706666665000050e+00
7.173769237237237029e+00 -1.019463639000000033e-01 4.954586666664999584e+00
7.217799267267267282e+00 -1.045518892500000019e-01 4.940336666650000375e+00
7.277024297297296940e+00 -9.308741460000000134e-02 4.954091666664999671e+00
7.322099327327327600e+00 -1.101279399499999895e-01 4.955221666665000413e+00
7.381194357357357738e+00 -9.847346529999999321e-02 4.984946666665000414e+00
7.425539387387387613e+00 -1.302989906500000017e-01 5.072676666649999611e+00
7.456324417417417472e+00 -1.329645159500000007e-01 5.175216666649999908e+00
7.486619447447447229e+00 -1.506500413000000094e-01 5.205776666650000273e+00
7.516689477477477510e+00 -1.386005666500000066e-01 5.307836666650000090e+00
7.560729507507507385e+00 -1.121060920000000044e-01 5.323566666649999668e+00
7.590784537537537346e+00 -1.148966173500000076e-01 5.381416666649999847e+00
7.621164567567567438e+00 -1.170771427000000114e-01 5.410751666650000402e+00
7.650804597597597123e+00 -1.051076680499999916e-01 5.411051666649999703e+00
7.680704627627627623e+00 -9.386819340000000789e-02 5.411261666649999746e+00
7.696764657657657160e+00 -9.600371875000000832e-02 5.425521666649999908e+00
7.726424687687687864e+00 -9.850924409999999021e-02 5.425296666650000432e+00
7.755729717717717797e+00 -8.695476944999999680e-02 5.425536666650000228e+00
7.771794747747748033e+00 -8.933529480000000633e-02 5.425471666650000024e+00
7.786889777777777688e+00 -9.176582014999999648e-02 5.425501666649999777e+00
7.758664807807807762e+00 -9.452134550000000635e-02 5.425031666649999806e+00
7.773464837837837926e+00 -9.705687084999999048e-02 5.381591666650000327e+00
7.789224867867868163e+00 -9.979239619999999422e-02 5.337806666649999698e+00
7.818304897897897732e+00 -1.025029215500000007e-01 5.278426666649999710e+00
7.834319927927928084e+00 -1.050634469000000099e-01 5.175131666649999573e+00
7.863864957957957813e+00 -1.082689721999999938e-01 5.042896666665000360e+00
7.894194987987988021e+00 -1.108794975500000113e-01 4.939951666649999851e+00
7.924040018018018827e+00 -1.139400228999999931e-01 4.778286666649999681e+00
7.968795048048049168e+00 -1.160605482499999924e-01 4.718941666650000144e+00
7.999560078078078895e+00 -1.194110736000000006e-01 4.645896666649999673e+00
8.043580108108109528e+00 -1.221165989500000021e-01 4.602136666649999874e+00
8.074065138138138309e+00 -1.253471243000000013e-01 4.586406666650000297e+00
8.104730168168169158e+00 -1.420926496499999858e-01 4.572416666649999684e+00
8.149050198198198203e+00 -1.452881750000000194e-01 4.601496666650000122e+00
8.179200228228229008e+00 -1.479937003500000070e-01 4.631326666649999702e+00
8.223475258258259757e+00 -1.650242256999999990e-01 4.718626666649999635e+00
8.268185288288288248e+00 -1.828447510499999762e-01 4.734771666650000377e+00
8.312910318318319725e+00 -1.852952764000000141e-01 4.866606666650000079e+00
8.357405348348349250e+00 -1.737508017500000168e-01 4.969576666664999642e+00
8.387820378378378905e+00 -1.764313271000000072e-01 5.057636666649999668e+00
8.446560408408409160e+00 -1.933618524500000102e-01 5.087716666649999553e+00
8.477080438438438392e+00 -1.960773778000000078e-01 5.116831666650000443e+00
8.507715468468468600e+00 -2.134579031499999890e-01 5.146066666650000343e+00
8.552130498498499378e+00 -2.015684284500000034e-01 5.160756666650000213e+00
8.582570528528529863e+00 -2.043189538000000083e-01 5.161196666650000431e+00
8.612410558558558193e+00 -2.219094791500000052e-01 5.160686666650000198e+00
8.642280588588588941e+00 -2.244900045000000066e-01 5.175221666649999719e+00
8.671845618618618801e+00 -2.269705298499999913e-01 5.175396666650000199e+00
8.701545648648648879e+00 -2.009960552000000233e-01 5.175111666650000330e+00
8.702865678678678663e+00 -1.892315805500000003e-01 5.146226666649999615e+00
8.688525708708709772e+00 -1.912021059000000023e-01 5.102656666649999728e+00
8.675150738738739875e+00 -1.934126312500000222e-01 5.087656666650000048e+00
8.703970768768769517e+00 -1.963281565999999978e-01 5.072731666650000193e+00
8.719995798798798603e+00 -1.987736819500000029e-01 4.999286666665000212e+00
8.749880828828828783e+00 -1.878442073000000101e-01 4.954661666665000297e+00
8.794050858858859954e+00 -1.903547326499999970e-01 4.851401666650000166e+00
8.825000888888888895e+00 -1.931402580000000091e-01 4.734581666649999576e+00
8.869695918918919730e+00 -1.951507833499999955e-01 4.617296666649999715e+00
8.958070948948948953e+00 -1.986813087000000311e-01 4.586381666650000355e+00
9.017045978978979193e+00 -2.150418340499999914e-01 4.498441666499999769e+00
9.061866009009008849e+00 -2.039423594000000228e-01 4.468966666500000073e+00
9.107361039039039596e+00 -2.064178847000000261e-01 4.425191666499999954e+00
9.166736069069068904e+00 -2.087734100500000245e-01 4.410351666500000434e+00
9.226091099099098969e+00 -2.111639354000000024e-01 4.410746666499999691e+00
9.286146129129129179e+00 -2.138794607500000000e-01 4.483641666499999623e+00
9.330381159159159665e+00 -2.173949860999999928e-01 4.513371666650000336e+00
9.360711189189188985e+00 -2.206405114500000209e-01 4.601396666650000356e+00
9.419641219219219153e+00 -2.368110368000000132e-01 4.718946666649999955e+00
9.493971249249248956e+00 -2.260615621499999783e-01 4.778286666649999681e+00
9.553551279279279385e+00 -2.284470874999999790e-01 4.851846666650000195e+00
9.583581309309309404e+00 -2.458726128500000052e-01 4.881296666649999949e+00
9.613161339339338696e+00 -2.482731382000000209e-01 4.925706666650000010e+00
9.644041369369370287e+00 -2.514086635500000222e-01 4.955296666665000238e+00
9.673421399399400045e+00 -2.540241889000000031e-01 4.969366666664999599e+00
9.688401429429429612e+00 -2.570547142499999826e-01 4.970106666665000006e+00
9.689331459459459950e+00 -2.593602395999999866e-01 4.984546666664999570e+00
9.675861489489490097e+00 -2.614557649500000025e-01 4.999031666665000095e+00
9.690591519519520247e+00 -2.647612903000000073e-01 5.013886666664999936e+00
9.705601549549550455e+00 -2.674368156499999927e-01 5.042891666664999661e+00
9.677016579579579059e+00 -2.701273409500000167e-01 5.042816666664999836e+00
9.648761609609609380e+00 -2.724128663000000006e-01 4.999406666665000110e+00
9.677756639639639502e+00 -2.606433916500000003e-01 4.969321666665000414e+00
9.634611669669670420e+00 -2.483439170000000251e-01 4.925551666649999660e+00
9.635716699699699461e+00 -2.221994423499999982e-01 4.837831666649999640e+00
9.665056729729728957e+00 -2.394499676999999882e-01 4.734126666649999926e+00
9.681061759759760577e+00 -2.421204930500000241e-01 4.675041666650000316e+00
9.710926789789789737e+00 -2.155110184000000040e-01 4.601696666649999656e+00
9.741391819819819275e+00 -1.887665437500000154e-01 4.557721666650000003e+00
9.755951849849850532e+00 -1.769970690999999874e-01 4.542736666649999755e+00
9.800206879879880262e+00 -1.788825944499999876e-01 4.557616666650000425e+00
9.816306909909910061e+00 -1.680731198000000315e-01 4.572521666650000149e+00
9.875116939939939442e+00 -1.705536451500000161e-01 4.616046666649999963e+00
9.891461969969970625e+00 -1.729191704999999968e-01 4.690271666650000171e+00
9.935971999999999582e+00 -1.757096958500000139e-01 4.778106666650000278e+00
9.935791999999999291e+00 -1.782452212000000258e-01 4.866831666650000443e+00
9.935817000000000121e+00 -1.662257465500000253e-01 4.939936666664999976e+00
9.921587000000000600e+00 -1.544962719000000095e-01 5.012236666650000672e+00
9.936082000000000747e+00 -1.275567971999999883e-01 5.012096666649999754e+00
9.936016999999999655e+00 -1.159673225499999877e-01 5.041021666649999844e+00
9.935897000000000645e+00 -1.043028478999999953e-01 5.040111666649999655e+00
9.935999999999999943e+00 -1.210083732500000092e-01 5.010506666650000440e+00
9.935999999999999943e+00 -1.242038986000000012e-01 4.980696666650000104e+00
9.935999999999999943e+00 -1.267194239499999930e-01 4.950811666649999943e+00
9.935999999999999943e+00 -1.437749492999999823e-01 4.920671666650000553e+00
9.935999999999999943e+00 -1.319854746500000175e-01 4.890566666649999839e+00
9.935999999999999943e+00 -1.348709999999999909e-01 4.860236666649999648e+00
9.936037000000000674e+00 -1.348709999999999909e-01 4.947671666649999800e+00
9.935691999999999524e+00 -1.370690090499999958e-01 4.932921666650000425e+00
9.935181999999999292e+00 -1.260195344000000217e-01 4.918051666650000264e+00
9.921497000000000455e+00 -1.281900596999999975e-01 4.931596666649999960e+00
9.921252000000000848e+00 -1.303055850500000057e-01 4.930696666649999393e+00
9.921061999999999159e+00 -1.191661103999999971e-01 4.915251666650000573e+00
9.921017000000000863e+00 -1.215616357500000078e-01 4.886031666650000105e+00
9.921027000000000484e+00 -1.097471610999999903e-01 4.856111666649999492e+00
9.920937000000000339e+00 -1.123576864500000078e-01 4.810546666650000525e+00
9.920531999999999684e+00 -1.006432118000000070e-01 4.693406666650000503e+00
9.920127000000000805e+00 -1.028287371499999880e-01 4.603701666650000135e+00
9.920476999999999990e+00 -9.140926250000000475e-02 4.485921666650000361e+00
9.921497000000000455e+00 -9.358478785000001743e-02 4.367176666649999817e+00
9.935461999999999350e+00 -9.629531319999999617e-02 4.278451666665000097e+00
9.935907000000000266e+00 -9.937583854999999800e-02 4.189706666664999801e+00
9.936531999999999698e+00 -1.019463639000000033e-01 4.144586666664999974e+00
9.950532000000000821e+00 -1.045518892500000019e-01 4.100336666650000517e+00
9.979727000000000459e+00 -9.308741460000000134e-02 4.084091666664999565e+00
9.994771999999999323e+00 -1.101279399499999895e-01 4.055221666665000058e+00
1.002383700000000033e+01 -9.847346529999999321e-02 4.054946666665000699e+00
1.003815200000000019e+01 -1.302989906500000017e-01 4.112676666649999646e+00
1.003890700000000002e+01 -1.329645159500000007e-01 4.185216666649999695e+00
1.003917200000000065e+01 -1.506500413000000094e-01 4.185776666649999811e+00
1.003921199999999914e+01 -1.386005666500000066e-01 4.257836666650000268e+00
1.005322199999999988e+01 -1.121060920000000044e-01 4.243566666649999597e+00
1.005324700000000071e+01 -1.148966173500000076e-01 4.271416666650000415e+00
1.005359699999999989e+01 -1.170771427000000114e-01 4.270751666649999834e+00
1.005320700000000045e+01 -1.051076680499999916e-01 4.241051666649999774e+00
1.005307700000000004e+01 -9.386819340000000789e-02 4.211261666649999569e+00
1.003910699999999956e+01 -9.600371875000000832e-02 4.195521666650000370e+00
1.003873699999999936e+01 -9.850924409999999021e-02 4.165296666650000645e+00
1.003801200000000016e+01 -8.695476944999999680e-02 4.135536666650000193e+00
1.002404699999999949e+01 -8.933529480000000633e-02 4.105471666650000628e+00
1.000911200000000001e+01 -9.176582014999999648e-02 4.075501666650000132e+00
9.950856999999999175e+00 -9.452134550000000635e-02 4.045031666649999913e+00
9.935627000000000209e+00 -9.705687084999999048e-02 3.971591666649999741e+00
9.921357000000000426e+00 -9.979239619999999422e-02 3.897806666650000196e+00
9.920407000000000863e+00 -1.025029215500000007e-01 3.808426666650000403e+00
9.906392000000000309e+00 -1.050634469000000099e-01 3.675131666650000017e+00
9.905906999999999130e+00 -1.082689721999999938e-01 3.512896666664999668e+00
9.906207000000000207e+00 -1.108794975500000113e-01 3.379951666649999797e+00
9.906022000000000105e+00 -1.139400228999999931e-01 3.188286666650000267e+00
9.920747000000000426e+00 -1.160605482499999924e-01 3.098941666650000037e+00
9.921481999999999246e+00 -1.194110736000000006e-01 2.995896666650000206e+00
9.935472000000000747e+00 -1.221165989500000021e-01 2.922136666650000159e+00
9.935926999999999509e+00 -1.253471243000000013e-01 2.876406666649999888e+00
9.936562000000000339e+00 -1.420926496499999858e-01 2.832416666649999915e+00
9.950851999999999364e+00 -1.452881750000000194e-01 2.831496666650000105e+00
9.950972000000000151e+00 -1.479937003500000070e-01 2.831326666650000323e+00
9.965217000000000880e+00 -1.650242256999999990e-01 2.888626666650000008e+00
9.979896999999999352e+00 -1.828447510499999762e-01 2.874771666650000057e+00
9.994592000000000809e+00 -1.852952764000000141e-01 2.976606666650000399e+00
1.000905700000000031e+01 -1.737508017500000168e-01 3.049576666665000158e+00
1.000944199999999995e+01 -1.764313271000000072e-01 3.107636666649999935e+00
1.003815200000000019e+01 -1.933618524500000102e-01 3.107716666650000015e+00
1.003864199999999940e+01 -1.960773778000000078e-01 3.106831666650000212e+00
1.003924699999999959e+01 -2.134579031499999890e-01 3.106066666649999863e+00
1.005363200000000035e+01 -2.015684284500000034e-01 3.090756666649999929e+00
1.005404200000000081e+01 -2.043189538000000083e-01 3.061196666649999898e+00
1.005385199999999912e+01 -2.219094791500000052e-01 3.030686666650000305e+00
1.005369199999999985e+01 -2.244900045000000066e-01 3.015221666650000021e+00
1.005322699999999969e+01 -2.269705298499999913e-01 2.985396666649999808e+00
1.005289699999999975e+01 -2.009960552000000233e-01 2.955111666650000135e+00
1.002418699999999951e+01 -1.892315805500000003e-01 2.896226666650000059e+00
9.979817000000000604e+00 -1.912021059000000023e-01 2.822656666650000368e+00
9.936412000000000688e+00 -1.934126312500000222e-01 2.777656666649999995e+00
9.935202000000000311e+00 -1.963281565999999978e-01 2.732731666650000335e+00
9.921196999999999377e+00 -1.987736819500000029e-01 2.629286666665000105e+00
9.921051999999999538e+00 -1.878442073000000101e-01 2.554661666664999942e+00
9.935192000000000689e+00 -1.903547326499999970e-01 2.421401666650000450e+00
9.936111999999999611e+00 -1.931402580000000091e-01 2.274581666650000056e+00
9.950777000000000427e+00 -1.951507833499999955e-01 2.127296666650000390e+00
1.000912199999999963e+01 -1.986813087000000311e-01 2.066381666649999893e+00
1.003806699999999985e+01 -2.150418340499999914e-01 1.948441666500000169e+00
1.005285699999999949e+01 -2.039423594000000228e-01 1.888966666500000002e+00
1.006832200000000022e+01 -2.064178847000000261e-01 1.815191666500000078e+00
1.009766699999999950e+01 -2.087734100500000245e-01 1.770351666500000309e+00
1.012699199999999955e+01 -2.111639354000000024e-01 1.740746666499999984e+00
1.015701699999999974e+01 -2.138794607500000000e-01 1.783641666500000333e+00
1.017122200000000021e+01 -2.173949860999999928e-01 1.783371666649999909e+00
1.017152199999999951e+01 -2.206405114500000209e-01 1.841396666650000125e+00
1.020042199999999966e+01 -2.368110368000000132e-01 1.928946666649999919e+00
1.024472199999999944e+01 -2.260615621499999783e-01 1.958286666650000063e+00
1.027427199999999985e+01 -2.284470874999999790e-01 2.001846666650000106e+00
1.027427199999999985e+01 -2.458726128500000052e-01 2.001296666650000056e+00
1.027382199999999912e+01 -2.482731382000000209e-01 2.015706666650000312e+00
1.027467200000000069e+01 -2.514086635500000222e-01 2.015296666664999847e+00
1.027402200000000043e+01 -2.540241889000000031e-01 1.999366666665000292e+00
1.025897199999999998e+01 -2.570547142499999826e-01 1.970106666665000006e+00
