-6.817238889999999163e-02 2.019471944500000060e-01 9.703720277799999794e-01
-5.382738889999999499e-02 2.157571944500000227e-01 1.000522215749924726e+00
-5.381238890000000080e-02 2.161421944499999914e-01 1.030522403719849711e+00
-5.394738890000000398e-02 2.165171944500000056e-01 1.060512591689774409e+00
-5.394738890000000398e-02 2.168421944499999976e-01 1.090522779659699237e+00
-5.375238890000000325e-02 2.168321944499999876e-01 1.120547967629624164e+00
-3.936738889000000047e-02 2.170871944499999928e-01 1.150578155599548902e+00
-5.360238889999999895e-02 2.173071944499999908e-01 1.167028343569473714e+00
-5.379738889999999968e-02 2.173371944499999930e-01 1.210753531539398464e+00
-5.391238890000000367e-02 2.307171944499999960e-01 1.240913719509323387e+00
-5.373238889999999712e-02 2.308571944499999973e-01 1.270928907479248027e+00
-5.363238890000000120e-02 2.309771944500000063e-01 1.301034095449172812e+00
-5.357238889999999670e-02 2.312821944500000060e-01 1.316719283419097719e+00
-5.388738889999999948e-02 2.313421944500000105e-01 1.346869471389022577e+00
-6.813738889999999826e-02 2.313221944500000182e-01 1.376929659358947289e+00
-6.844738890000000298e-02 2.313471944500000155e-01 1.407074847328872114e+00
-6.876738890000000382e-02 2.313071944500000032e-01 1.437070035298797066e+00
-8.271738890000000788e-02 2.311621944499999970e-01 1.467085223268721705e+00
-8.321738890000000832e-02 2.311321944499999947e-01 1.497235411238646563e+00
-9.729738890000000362e-02 2.311771944499999842e-01 1.527510599208571351e+00
-9.828238890000000338e-02 2.310221944499999958e-01 1.557920787178496136e+00
-1.121523889000000107e-01 2.306721944500000065e-01 1.601765975148421006e+00
-1.125623889000000044e-01 2.173071944499999908e-01 1.632036163118345762e+00
-1.132873889000000078e-01 2.167271944499999936e-01 1.662296351088270674e+00
-1.423323889000000231e-01 2.162171944500000109e-01 1.692696539058195393e+00
-1.863223888999999966e-01 2.019621944500000210e-01 1.722806727028120211e+00
-2.009973889000000180e-01 1.873771944500000064e-01 1.752851914998045046e+00
-2.154573888999999909e-01 1.723871944500000031e-01 1.783162102967969842e+00
-2.162073888999999915e-01 1.429171944500000069e-01 1.813007290937894700e+00
-2.303873889000000175e-01 1.144221944500000004e-01 1.842977478907819489e+00
-2.452073889000000173e-01 1.133871944500000062e-01 1.872912666877744270e+00
-2.598373889000000214e-01 9.939719445000000375e-02 1.902967854847669171e+00
-2.745023889000000050e-01 9.867219445000000033e-02 1.932958042817593869e+00
-2.746923889000000285e-01 8.410219444999998684e-02 1.962928230787518658e+00
-2.892123889000000059e-01 8.348219445000000516e-02 1.993193418757443602e+00
-2.746073888999999713e-01 5.496719444999999954e-02 2.023273606727368001e+00
-2.602423889000000101e-01 3.977719444499999701e-02 2.039293794697293105e+00
-2.597673889000000069e-01 2.510219444500000341e-02 2.082928982667218154e+00
-2.454973889000000020e-01 1.051719444500000093e-02 2.099464170637142857e+00
-2.450823889000000311e-01 -3.722805554999999988e-03 2.143209358607067294e+00
-2.307423889000000117e-01 -4.672805555000000312e-03 2.173294546576992392e+00
-2.302423889000000112e-01 -1.839780555500000053e-02 2.203449734546917504e+00
-2.298923888999999943e-01 -1.884280555500000148e-02 2.233689922516842064e+00
-2.161573888999999971e-01 -1.870280555500000025e-02 2.263875110486766484e+00
-2.155173888999999954e-01 -1.917280555500000191e-02 2.293965298456691837e+00
-2.148823889000000265e-01 -1.926280555500000172e-02 2.324055486426616746e+00
-2.010473889000000125e-01 -1.938780555499999836e-02 2.354015674396541247e+00
-2.009873889000000080e-01 -3.346780555500000059e-02 2.384480862366465725e+00
-2.009373889000000135e-01 -1.956780555500000143e-02 2.414626050336390772e+00
-2.009373889000000135e-01 -3.339780555499999998e-02 2.445221238306316103e+00
-2.006523889000000060e-01 -3.386280555500000011e-02 2.488951426276240664e+00
-2.010573889000000225e-01 -3.386780555500000511e-02 2.519571614246165048e+00
-2.012223888999999932e-01 -3.333280555499999742e-02 2.549816802216090306e+00
-2.011373889000000192e-01 -3.342280555499999722e-02 2.579461990186015186e+00
-2.011223889000000042e-01 -1.972280555500000032e-02 2.609747178155939817e+00
-2.010773889000000147e-01 -1.921780555500000182e-02 2.639832366125864471e+00
-2.010673889000000047e-01 -1.908280555499999864e-02 2.670067554095789220e+00
-2.003923888999999958e-01 -1.915780555500000079e-02 2.700092742065714368e+00
-2.004723888999999926e-01 -1.912280555500000048e-02 2.730307930035638986e+00
-1.717523888999999970e-01 -1.914280555499999967e-02 2.759793118005563706e+00
-1.713773889000000106e-01 -1.898780555500000078e-02 2.789903305975488745e+00
-1.424123888999999921e-01 -1.917280555500000191e-02 2.819883493945413822e+00
-1.420023888999999984e-01 -1.926280555500000172e-02 2.850258681915338155e+00
-1.276923889000000090e-01 -1.951780555500000000e-02 2.880953869885262808e+00
-1.133773889000000146e-01 -1.945280555500000091e-02 2.910889057855187811e+00
-1.126123888999999989e-01 -3.340780555499999610e-02 2.955044245825112714e+00
-1.122623888999999958e-01 -3.368780555499999857e-02 2.985429433795037557e+00
-9.823238890000000889e-02 -4.816280555500000032e-02 3.016029621764962254e+00
-9.804238890000001316e-02 -6.325280554999999916e-02 3.060544809734887295e+00
-9.781238889999999131e-02 -7.779280554999999653e-02 3.105069997704811957e+00
-9.771238890000000232e-02 -9.266780555000000974e-02 3.134930185674736691e+00
-9.741738890000001261e-02 -1.069278055500000046e-01 3.165025373644661411e+00
-9.754738890000000384e-02 -1.073528055499999995e-01 3.180625561614586427e+00
-9.781738889999999631e-02 -1.214928055500000131e-01 3.210640749584511511e+00
-9.798738889999999979e-02 -1.220578055500000092e-01 3.255480937554435794e+00
-1.120323889000000017e-01 -1.367478055499999900e-01 3.285251125524360383e+00
-1.120223889000000056e-01 -1.514628055499999959e-01 3.315636313494285670e+00
-1.124923889000000177e-01 -1.662628055500000035e-01 3.331146501464210541e+00
-1.129623889000000020e-01 -1.956528055500000030e-01 3.375821689434135298e+00
-1.271623889000000063e-01 -2.244528055499999952e-01 3.405646877404059580e+00
-1.274273888999999937e-01 -2.387428055499999924e-01 3.421442065373984764e+00
-1.278073889000000130e-01 -2.391978055500000033e-01 3.451432253343909906e+00
-1.277173889000000062e-01 -2.396828055499999888e-01 3.481162441313834233e+00
-1.272523889000000130e-01 -2.397778055500000005e-01 3.511697629283759170e+00
-1.133773889000000146e-01 -2.402628055500000137e-01 3.541737817253684195e+00
-1.132223888999999983e-01 -2.538328055499999847e-01 3.571848005223609235e+00
-1.128023888999999946e-01 -2.540878055499999899e-01 3.601868193193533685e+00
-9.797738890000000367e-02 -2.544328055500000296e-01 3.631663381163458215e+00
-9.730238890000000862e-02 -2.546728055499999921e-01 3.647293569133383428e+00
-8.310738889999999546e-02 -2.545778055499999804e-01 3.677193757103308425e+00
-3.908738888999999800e-02 -2.546828055500000021e-01 3.707238945073232816e+00
-9.512388889999999139e-03 -2.545828055500000131e-01 3.737264133043157521e+00
5.577611110000000108e-03 -2.545528055500000386e-01 3.767199321013082525e+00
2.012761111000000228e-02 -2.543528055500000051e-01 3.783559508983007635e+00
4.932761110999999560e-02 -2.541228055499999972e-01 3.813524696952932391e+00
9.312761110000000730e-02 -2.541528055499999716e-01 3.843629884922856732e+00
1.080276111000000039e-01 -2.539978055500000109e-01 3.873275072892781612e+00
1.224276111000000000e-01 -2.537328055499999957e-01 3.903430260862706724e+00
1.233776111000000064e-01 -2.536678055500000140e-01 3.933385448832631415e+00
1.383276110999999975e-01 -2.402078055500000142e-01 3.963615636802555908e+00
1.527276110999999936e-01 -2.396628055500000243e-01 3.993455824772480955e+00
1.670276111000000008e-01 -2.395378055500000103e-01 4.023426012742405966e+00
2.112776111000000123e-01 -2.391078055499999966e-01 4.053026200712330329e+00
2.258276110999999919e-01 -2.251128055499999892e-01 4.083241388682255391e+00
2.401276110999999991e-01 -2.244378055500000080e-01 4.113486576652180204e+00
2.407276110999999885e-01 -1.956028055499999807e-01 4.143536764622105295e+00
2.546776111000000342e-01 -1.809078055499999949e-01 4.173491952592030430e+00
2.552776111000000236e-01 -1.658878055499999893e-01 4.203917140561954646e+00
2.555276110999999961e-01 -1.514278055499999887e-01 4.233772328531879126e+00
2.557276110999999741e-01 -1.371928055499999910e-01 4.264232516501804682e+00
2.697276110999999865e-01 -1.360478055500000116e-01 4.294777704471728796e+00
2.705276111000000094e-01 -1.218128055500000140e-01 4.338967892441654151e+00
2.844776110999999719e-01 -1.210478055499999983e-01 4.368928080411579096e+00
2.845776111000000164e-01 -9.237780555000001115e-02 4.428528268381503707e+00
2.847776110999999943e-01 -6.323280555000000691e-02 4.472948456351429236e+00
2.849276111000000333e-01 -4.825280555500000013e-02 4.503423644321353336e+00
2.846776111000000054e-01 -3.333780555500000242e-02 4.547668832311278386e+00
2.846276111000000109e-01 -1.967780555500000042e-02 4.592319020281203201e+00
2.843776110999999829e-01 -1.912280555500000048e-02 4.622634208251127141e+00
2.699276111000000200e-01 -1.851280555500000105e-02 4.652864396221052523e+00
2.558776111000000131e-01 -4.702805554999999957e-03 4.668229584190977555e+00
2.552276111000000292e-01 -4.632805555000000207e-03 4.712544772160902617e+00
2.546776111000000342e-01 -4.247805555000000281e-03 4.742629960130827271e+00
2.406276110999999995e-01 -4.482805555000000247e-03 4.773275148100751153e+00
2.396276110999999986e-01 -4.282805554999999723e-03 4.803125336070676710e+00
2.112276110999999901e-01 -4.297805554999999979e-03 4.833260524040601247e+00
1.961276111000000155e-01 -4.402805555000000037e-03 4.863260712010525566e+00
1.527276110999999936e-01 -4.552805554999999997e-03 4.893515899980450889e+00
1.379776111000000083e-01 -1.816280555499999796e-02 4.923546087950375849e+00
1.234276111000000009e-01 -1.827280555500000042e-02 4.953526275920300925e+00
1.224776111000000084e-01 -1.861280555500000045e-02 4.983601463890225958e+00
1.076276110999999924e-01 -1.865780555500000035e-02 5.013881651860150335e+00
4.917761110999999824e-02 -1.946780555499999857e-02 5.044176839830075032e+00
2.007761111000000084e-02 -3.349280555499999784e-02 5.074267027800000385e+00
1.922761111000000078e-02 -4.815280555500000420e-02 5.073797027800000414e+00
3.518264114003002985e-02 -4.847280555500000504e-02 5.059527027799999743e+00
6.422267117006005832e-02 -7.796780555000000501e-02 5.029992027779999653e+00
8.016770120009009126e-02 -9.234280555000000390e-02 5.000797027780000015e+00
9.587773123012011123e-02 -9.268280555000001086e-02 4.986322027779999999e+00
1.211501501501501543e-01 -1.068578055499999901e-01 4.985702027780000378e+00
1.511801801801801737e-01 -1.070928055500000031e-01 4.985342027779999796e+00
1.812102102102102208e-01 -1.068878055499999924e-01 4.970947027780000305e+00
2.112402402402402402e-01 -1.071828055499999960e-01 4.970547027780000349e+00
2.412702702702702873e-01 -1.073878055500000067e-01 4.970417027779999941e+00
2.713003003003002789e-01 -1.071728055499999999e-01 4.956492027780000420e+00
3.013303303303302982e-01 -1.065478055499999993e-01 4.956542027780000303e+00
3.313603603603603176e-01 -9.207280555000001143e-02 4.970327027779999796e+00
3.613903903903903370e-01 -7.787280554999999327e-02 4.956382027780000143e+00
3.914204204204204673e-01 -7.759280555000000468e-02 4.970167027779999636e+00
4.214504504504504867e-01 -6.285280555000000158e-02 4.956467027779999590e+00
4.514804804804805061e-01 -4.838280555499999830e-02 4.956317027779999940e+00
4.815105105105105254e-01 -3.386780555500000511e-02 4.956112027779999707e+00
5.115405405405405448e-01 -1.923280555500000294e-02 4.956552027779999925e+00
5.415705705705705642e-01 -1.852780555500000217e-02 4.970217027780000407e+00
5.716006006006005835e-01 -4.467805554999999991e-03 4.970442027779999883e+00
6.016306306306306029e-01 -3.307805555000000418e-03 4.970387027780000189e+00
6.316606606606606222e-01 2.536719444500000128e-02 4.970567027779999592e+00
6.616906906906906416e-01 5.496219445000000148e-02 4.971157027780000348e+00
6.917207207207206610e-01 9.816219445000000376e-02 4.985212027780000277e+00
7.217507507507506803e-01 9.888719444999999331e-02 4.986500000000000377e+00
7.517807807807806997e-01 1.129721944499999936e-01 4.986500000000000377e+00
7.818108108108108301e-01 1.139521944500000022e-01 4.986500000000000377e+00
8.118408408408408494e-01 1.428921944500000096e-01 4.986500000000000377e+00
8.418708708708708688e-01 1.726271944499999933e-01 4.986500000000000377e+00
8.719009009009008881e-01 2.014171944500000033e-01 4.986500000000000377e+00
9.019309309309309075e-01 2.159921944500000079e-01 4.986500000000000377e+00
9.319609609609609269e-01 2.166671944499999891e-01 4.986500000000000377e+00
9.619909909909909462e-01 2.308721944499999845e-01 4.986500000000000377e+00
9.920210210210210766e-01 2.313271944499999955e-01 4.986500000000000377e+00
1.022051051051051207e+00 2.318121944500000087e-01 4.986500000000000377e+00
1.052081081081081226e+00 2.320421944499999889e-01 4.986500000000000377e+00
1.082111111111111246e+00 2.458821944500000078e-01 4.986500000000000377e+00
1.112141141141141265e+00 2.463521944500000060e-01 4.986500000000000377e+00
1.142171171171171284e+00 2.463321944500000138e-01 4.986500000000000377e+00
1.172201201201201304e+00 2.462271944500000198e-01 4.986500000000000377e+00
1.202231231231231323e+00 2.465071944499999945e-01 4.986500000000000377e+00
1.232261261261261343e+00 2.465821944500000140e-01 4.986500000000000377e+00
1.262291291291291362e+00 2.461771944499999976e-01 4.986500000000000377e+00
1.292321321321321381e+00 2.461321944499999803e-01 4.986500000000000377e+00
1.322351351351351401e+00 2.461671944500000153e-01 4.986500000000000377e+00
1.313208992481381454e+00 2.019471944500000060e-01 4.970372027779999868e+00
1.357584022511411304e+00 2.157571944500000227e-01 4.970447027779999694e+00
1.387629052541441421e+00 2.161421944499999914e-01 4.970372027779999868e+00
1.417524082571471444e+00 2.165171944500000056e-01 4.970287027780000422e+00
1.447554112601501464e+00 2.168421944499999976e-01 4.970222027780000218e+00
1.477779142631531428e+00 2.168321944499999876e-01 4.970172027780000334e+00
1.522194172671561541e+00 2.170871944499999928e-01 4.970127027780000262e+00
1.537989202691591561e+00 2.173071944499999908e-01 4.956502027780000041e+00
1.567824232721621636e+00 2.173371944499999930e-01 4.970152027780000203e+00
1.597739262751651790e+00 2.307171944499999960e-01 4.970237027779999650e+00
1.627949292781681656e+00 2.308571944499999973e-01 4.970177027780000145e+00
1.658079322811711664e+00 2.309771944500000063e-01 4.970207027779999898e+00
1.688169352841741855e+00 2.312821944500000060e-01 4.955817027780000217e+00
1.717884382871771809e+00 2.313421944500000105e-01 4.955892027780000042e+00
1.733664412901801732e+00 2.313221944500000182e-01 4.955877027779999722e+00
1.763384442931831941e+00 2.313471944500000155e-01 4.955947027779999736e+00
1.793094472961861863e+00 2.313071944500000032e-01 4.955867027780000100e+00
1.809174502991891975e+00 2.311621944499999970e-01 4.955807027779999707e+00
1.838704533021921828e+00 2.311321944499999947e-01 4.955882027780000421e+00
1.854654563051951977e+00 2.311771944499999842e-01 4.956082027779999954e+00
1.883699593081981982e+00 2.310221944499999958e-01 4.956417027779999707e+00
1.899859623112012175e+00 2.306721944500000065e-01 4.970187027779999767e+00
1.929479653142042173e+00 2.173071944499999908e-01 4.970382027780000378e+00
1.958784683172072327e+00 2.167271944499999936e-01 4.970567027779999592e+00
1.959769713202102137e+00 2.162171944500000109e-01 4.970892027779999722e+00
1.945809743232132183e+00 2.019621944500000210e-01 4.970927027780000174e+00
1.961164773262162209e+00 1.873771944500000064e-01 4.970897027780000421e+00
1.976734803292192311e+00 1.723871944500000031e-01 4.971132027780000406e+00
2.006014833322222302e+00 1.429171944500000069e-01 4.970902027780000232e+00
2.021864863352252240e+00 1.144221944500000004e-01 4.970797027779999766e+00
2.037074893382282426e+00 1.133871944500000062e-01 4.970657027779999737e+00
2.052474923412312524e+00 9.939719445000000375e-02 4.970637027779999606e+00
2.067839953442342171e+00 9.867219445000000033e-02 4.970552027780000159e+00
2.097679983472372278e+00 8.410219444999998684e-02 4.970447027779999694e+00
2.113190013502402209e+00 8.348219445000000516e-02 4.970637027779999606e+00
2.157825043532432652e+00 5.496719444999999954e-02 4.970642027780000305e+00
2.202220073562462410e+00 3.977719444499999701e-02 4.956587027780000376e+00
2.232725103592492655e+00 2.510219444500000341e-02 4.970147027780000393e+00
2.277025133622522457e+00 1.051719444500000093e-02 4.956607027779999619e+00
2.307470163652552309e+00 -3.722805554999999988e-03 4.970277027779999912e+00
2.351840193682582569e+00 -4.672805555000000312e-03 4.970287027780000422e+00
2.382370223712612756e+00 -1.839780555500000053e-02 4.970367027780000058e+00
2.412750253742642403e+00 -1.884280555500000148e-02 4.970532027780000028e+00
2.456515283772672475e+00 -1.870280555500000025e-02 4.970642027780000305e+00
2.487185313802702691e+00 -1.917280555500000191e-02 4.970657027779999737e+00
2.517850343832732651e+00 -1.926280555500000172e-02 4.970672027780000057e+00
2.561715373862762490e+00 -1.938780555499999836e-02 4.970557027779999970e+00
2.591805403892792903e+00 -3.346780555500000059e-02 4.970947027780000305e+00
2.621885433922822806e+00 -1.956780555500000143e-02 4.971017027780000319e+00
2.651915463952852825e+00 -3.339780555499999998e-02 4.971537027780000173e+00
2.682230493982882713e+00 -3.386280555500000011e-02 4.985192027780000146e+00
2.711855524012912966e+00 -3.386780555500000511e-02 4.985737027779999941e+00
2.741720554042943014e+00 -3.333280555499999742e-02 4.985907027779999723e+00
2.771835584072972924e+00 -3.342280555499999722e-02 4.985477027780000014e+00
2.801880614103002820e+00 -1.972280555500000032e-02 4.985687027780000058e+00
2.831955644133032912e+00 -1.921780555500000182e-02 4.985697027779999679e+00
2.861995674163062997e+00 -1.908280555499999864e-02 4.985857027779999839e+00
2.892700704193092776e+00 -1.915780555500000079e-02 4.985807027779999956e+00
2.922650734223122715e+00 -1.912280555500000048e-02 4.985947027779999985e+00
2.981400764253153035e+00 -1.914280555499999967e-02 4.985357027780000116e+00
3.011805794283183069e+00 -1.898780555500000078e-02 4.985392027779999680e+00
3.070800824313213440e+00 -1.917280555500000191e-02 4.985297027779999723e+00
3.101240854343243480e+00 -1.926280555500000172e-02 4.985597027779999912e+00
3.145580884373273545e+00 -1.951780555500000000e-02 4.986217027780000421e+00
3.189925914403303420e+00 -1.945280555500000091e-02 4.986077027780000392e+00
3.220720944433333344e+00 -3.340780555499999610e-02 5.000157027780000263e+00
3.251100974463363436e+00 -3.368780555499999857e-02 5.000467027780000073e+00
3.295161004493393442e+00 -4.816280555500000032e-02 5.000992027779999738e+00
3.325381034523423374e+00 -6.325280554999999916e-02 5.015432027780000190e+00
3.355641064553453567e+00 -7.779280554999999653e-02 5.029882027780000264e+00
3.385771094583483354e+00 -9.266780555000000974e-02 5.029667027780000410e+00
3.416096124613513751e+00 -1.069278055500000046e-01 5.029687027779999653e+00
3.445996154643543807e+00 -1.073528055499999995e-01 5.015212027779999637e+00
3.475756184673573834e+00 -1.214928055500000131e-01 5.015152027780000132e+00
3.505616214703603628e+00 -1.220578055500000092e-01 5.029917027779999827e+00
3.521601244733633784e+00 -1.367478055499999900e-01 5.029612027779999828e+00
3.551641274763663869e+00 -1.514628055499999959e-01 5.029922027779999638e+00
3.581201304793693474e+00 -1.662628055500000035e-01 5.015357027780000365e+00
3.610761334823723523e+00 -1.956528055500000030e-01 5.029957027780000089e+00
3.626591364853753774e+00 -2.244528055499999952e-01 5.029707027779999784e+00
3.656356394883783612e+00 -2.387428055499999924e-01 5.015427027780000380e+00
3.686006424913813806e+00 -2.391978055500000033e-01 5.015342027780000045e+00
3.716126454943843971e+00 -2.396828055499999888e-01 5.014997027779999783e+00
3.746621484973873706e+00 -2.397778055500000005e-01 5.015457027780000132e+00
3.790526515003903807e+00 -2.402628055500000137e-01 5.015422027779999681e+00
3.820711545033933731e+00 -2.538328055499999847e-01 5.015457027780000132e+00
3.851161575063963838e+00 -2.540878055499999899e-01 5.015402027780000438e+00
3.896016605093993945e+00 -2.544328055500000296e-01 5.015122027780000380e+00
3.926721635124024168e+00 -2.546728055499999921e-01 5.000677027780000117e+00
3.970946665154054589e+00 -2.545778055499999804e-01 5.000502027779999636e+00
4.044996695194084779e+00 -2.546828055500000021e-01 5.000472027779999884e+00
4.104601725224114261e+00 -2.545828055500000131e-01 5.000422027780000001e+00
4.149721755254144107e+00 -2.545528055500000386e-01 5.000282027779999972e+00
4.194301785284174855e+00 -2.543528055500000051e-01 4.986567027779999606e+00
4.253531815314204323e+00 -2.541228055499999972e-01 4.986457027780000217e+00
4.327361845334234403e+00 -2.541528055499999716e-01 4.986487027779999970e+00
4.372291875364264335e+00 -2.539978055500000109e-01 4.986057027780000261e+00
4.416721905394294545e+00 -2.537328055499999957e-01 4.986137027779999897e+00
4.447701935424325015e+00 -2.536678055500000140e-01 4.986017027779999999e+00
4.492681965454354831e+00 -2.402078055500000142e-01 4.986172027780000349e+00
4.537111995484384153e+00 -2.396628055500000243e-01 4.985937027780000363e+00
4.581442025514414595e+00 -2.395378055500000103e-01 4.985832027779999898e+00
4.655722055544444515e+00 -2.391078055499999966e-01 4.985357027780000116e+00
4.700302085574474376e+00 -2.251128055499999892e-01 4.985497027780000145e+00
4.744632115604504818e+00 -2.244378055500000080e-01 4.985667027779999927e+00
4.775262145634534328e+00 -1.956028055499999807e-01 4.985642027779999985e+00
4.819242175664564698e+00 -1.809078055499999949e-01 4.985522027780000087e+00
4.849872205694595095e+00 -1.658878055499999893e-01 4.985872027780000160e+00
4.880152235724624532e+00 -1.514278055499999887e-01 4.985652027779999607e+00
4.910382265754654973e+00 -1.371928055499999910e-01 4.986037027780000130e+00
4.954412295784685227e+00 -1.360478055500000116e-01 4.986507027780000101e+00
4.985242325814715159e+00 -1.218128055500000140e-01 5.000622027780000423e+00
5.029222355844744641e+00 -1.210478055499999983e-01 5.000507027780000335e+00
5.059352385874774427e+00 -9.237780555000001115e-02 5.030032027779999915e+00
5.089582415904804868e+00 -6.323280555000000691e-02 5.044377027780000411e+00
5.119762445934834538e+00 -4.825280555500000013e-02 5.044777027780000367e+00
5.149542475964865140e+00 -3.333780555500000242e-02 5.058947027800000384e+00
5.179522505994895276e+00 -1.967780555500000042e-02 5.073522027800000167e+00
5.209302536024924990e+00 -1.912280555500000048e-02 5.073762027799999963e+00
5.224882566054954935e+00 -1.851280555500000105e-02 5.073917027800000312e+00
5.240862596084984837e+00 -4.702805554999999957e-03 5.059207027800000311e+00
5.270242626115015483e+00 -4.632805555000000207e-03 5.073447027800000342e+00
5.299722656145045008e+00 -4.247805555000000281e-03 5.073457027799999963e+00
5.315702686175074909e+00 -4.482805555000000247e-03 5.074027027799999701e+00
5.344732716205105483e+00 -4.282805554999999723e-03 5.073802027800000225e+00
5.346362746235135077e+00 -4.297805554999999979e-03 5.073862027799999730e+00
5.361292776265164761e+00 -4.402805555000000037e-03 5.073787027799999905e+00
5.347922806295194675e+00 -4.552805554999999997e-03 5.073967027800000196e+00
5.363202836325225320e+00 -1.816280555499999796e-02 5.073922027800000123e+00
5.378682866355255499e+00 -1.827280555500000042e-02 5.073827027800000167e+00
5.407762896385285067e+00 -1.861280555500000045e-02 5.073827027800000167e+00
5.422942926415315057e+00 -1.865780555500000035e-02 5.074032027800000400e+00
5.394522956455345408e+00 -1.946780555499999857e-02 5.074252027800000064e+00
5.395452986485374858e+00 -3.349280555499999784e-02 5.074267027800000385e+00
5.424633016515405082e+00 -4.815280555500000420e-02 5.073797027800000414e+00
5.440588046545435041e+00 -4.847280555500000504e-02 5.059527027799999743e+00
5.469628076575465236e+00 -7.796780555000000501e-02 5.029992027779999653e+00
5.485573106605495575e+00 -9.234280555000000390e-02 5.000797027780000015e+00
5.501283136635525040e+00 -9.268280555000001086e-02 4.986322027779999999e+00
5.526555555555555443e+00 -1.068578055499999901e-01 4.985702027780000378e+00
5.556585585585585463e+00 -1.070928055500000031e-01 4.985342027779999796e+00
5.586615615615615482e+00 -1.068878055499999924e-01 4.970947027780000305e+00
5.616645645645645502e+00 -1.071828055499999960e-01 4.970547027780000349e+00
5.646675675675675521e+00 -1.073878055500000067e-01 4.970417027779999941e+00
5.676705705705705540e+00 -1.071728055499999999e-01 4.956492027780000420e+00
5.706735735735735560e+00 -1.065478055499999993e-01 4.956542027780000303e+00
5.736765765765765579e+00 -9.207280555000001143e-02 4.970327027779999796e+00
5.766795795795795598e+00 -7.787280554999999327e-02 4.956382027780000143e+00
5.796825825825825618e+00 -7.759280555000000468e-02 4.970167027779999636e+00
5.826855855855855637e+00 -6.285280555000000158e-02 4.956467027779999590e+00
5.856885885885885656e+00 -4.838280555499999830e-02 4.956317027779999940e+00
5.886915915915915676e+00 -3.386780555500000511e-02 4.956112027779999707e+00
5.916945945945945695e+00 -1.923280555500000294e-02 4.956552027779999925e+00
5.946975975975975715e+00 -1.852780555500000217e-02 4.970217027780000407e+00
5.977006006006005734e+00 -4.467805554999999991e-03 4.970442027779999883e+00
6.007036036036035753e+00 -3.307805555000000418e-03 4.970387027780000189e+00
6.037066066066065773e+00 2.536719444500000128e-02 4.970567027779999592e+00
6.067096096096095792e+00 5.496219445000000148e-02 4.971157027780000348e+00
6.097126126126125811e+00 9.816219445000000376e-02 4.985212027780000277e+00
6.127156156156155831e+00 9.888719444999999331e-02 4.986500000000000377e+00
6.157186186186185850e+00 1.129721944499999936e-01 4.986500000000000377e+00
6.187216216216215869e+00 1.139521944500000022e-01 4.986500000000000377e+00
6.217246246246245889e+00 1.428921944500000096e-01 4.986500000000000377e+00
6.247276276276275908e+00 1.726271944499999933e-01 4.986500000000000377e+00
6.277306306306305927e+00 2.014171944500000033e-01 4.986500000000000377e+00
6.307336336336335947e+00 2.159921944500000079e-01 4.986500000000000377e+00
6.337366366366365966e+00 2.166671944499999891e-01 4.986500000000000377e+00
6.367396396396395986e+00 2.308721944499999845e-01 4.986500000000000377e+00
6.397426426426426893e+00 2.313271944499999955e-01 4.986500000000000377e+00
6.427456456456456912e+00 2.318121944500000087e-01 4.986500000000000377e+00
6.457486486486486932e+00 2.320421944499999889e-01 4.986500000000000377e+00
6.487516516516516951e+00 2.458821944500000078e-01 4.986500000000000377e+00
6.517546546546546971e+00 2.463521944500000060e-01 4.986500000000000377e+00
6.547576576576576990e+00 2.463321944500000138e-01 4.986500000000000377e+00
6.577606606606607009e+00 2.462271944500000198e-01 4.986500000000000377e+00
6.607636636636637029e+00 2.465071944499999945e-01 4.986500000000000377e+00
6.637666666666667048e+00 2.465821944500000140e-01 4.986500000000000377e+00
6.667696696696697067e+00 2.461771944499999976e-01 4.986500000000000377e+00
6.697726726726727087e+00 2.461321944499999803e-01 4.986500000000000377e+00
6.727756756756757106e+00 2.461671944500000153e-01 4.986500000000000377e+00
6.718614397886787160e+00 2.019471944500000060e-01 4.970372027779999868e+00
6.762989427916816787e+00 2.157571944500000227e-01 4.970447027779999694e+00
6.793034457946847127e+00 2.161421944499999914e-01 4.970372027779999868e+00
6.822929487976876928e+00 2.165171944500000056e-01 4.970287027780000422e+00
6.852959518006906947e+00 2.168421944499999976e-01 4.970222027780000218e+00
6.883184548036936690e+00 2.168321944499999876e-01 4.970172027780000334e+00
6.927599578076967468e+00 2.170871944499999928e-01 4.970127027780000262e+00
6.943394608096997267e+00 2.173071944499999908e-01 4.956502027780000041e+00
6.973229638127027563e+00 2.173371944499999930e-01 4.970152027780000203e+00
7.003144668157057495e+00 2.307171944499999960e-01 4.970237027779999650e+00
7.033354698187086917e+00 2.308571944499999973e-01 4.970177027780000145e+00
7.063484728217117592e+00 2.309771944500000063e-01 4.970207027779999898e+00
7.093574758247147116e+00 2.312821944500000060e-01 4.955817027780000217e+00
7.123289788277177514e+00 2.313421944500000105e-01 4.955892027780000042e+00
7.139069818307206994e+00 2.313221944500000182e-01 4.955877027779999722e+00
7.168789848337237203e+00 2.313471944500000155e-01 4.955947027779999736e+00
7.198499878367266902e+00 2.313071944500000032e-01 4.955867027780000100e+00
7.214579908397297459e+00 2.311621944499999970e-01 4.955807027779999707e+00
7.244109938427327755e+00 2.311321944499999947e-01 4.955882027780000421e+00
7.260059968457357016e+00 2.311771944499999842e-01 4.956082027779999954e+00
7.289104998487387022e+00 2.310221944499999958e-01 4.956417027779999707e+00
7.305265028517417214e+00 2.306721944500000065e-01 4.970187027779999767e+00
7.334885058547447656e+00 2.173071944499999908e-01 4.970382027780000378e+00
7.364190088577477589e+00 2.167271944499999936e-01 4.970567027779999592e+00
7.365175118607507621e+00 2.162171944500000109e-01 4.970892027779999722e+00
7.351215148637537666e+00 2.019621944500000210e-01 4.970927027780000174e+00
7.366570178667567248e+00 1.873771944500000064e-01 4.970897027780000421e+00
7.382140208697597572e+00 1.723871944500000031e-01 4.971132027780000406e+00
7.411420238727627563e+00 1.429171944500000069e-01 4.970902027780000232e+00
7.427270268757657945e+00 1.144221944500000004e-01 4.970797027779999766e+00
7.442480298787687687e+00 1.133871944500000062e-01 4.970657027779999737e+00
7.457880328817717341e+00 9.939719445000000375e-02 4.970637027779999606e+00
7.473245358847747433e+00 9.867219445000000033e-02 4.970552027780000159e+00
7.503085388877777540e+00 8.410219444999998684e-02 4.970447027779999694e+00
7.518595418907807471e+00 8.348219445000000516e-02 4.970637027779999606e+00
7.563230448937837913e+00 5.496719444999999954e-02 4.970642027780000305e+00
7.607625478967867672e+00 3.977719444499999701e-02 4.956587027780000376e+00
7.638130508997897472e+00 2.510219444500000341e-02 4.970147027780000393e+00
7.682430539027928162e+00 1.051719444500000093e-02 4.956607027779999619e+00
7.712875569057957570e+00 -3.722805554999999988e-03 4.970277027779999912e+00
7.757245599087987387e+00 -4.672805555000000312e-03 4.970287027780000422e+00
7.787775629118018905e+00 -1.839780555500000053e-02 4.970367027780000058e+00
7.818155659148048997e+00 -1.884280555500000148e-02 4.970532027780000028e+00
7.861920689178078625e+00 -1.870280555500000025e-02 4.970642027780000305e+00
7.892590719208108396e+00 -1.917280555500000191e-02 4.970657027779999737e+00
7.923255749238138357e+00 -1.926280555500000172e-02 4.970672027780000057e+00
7.967120779268168640e+00 -1.938780555499999836e-02 4.970557027779999970e+00
7.997210809298199052e+00 -3.346780555500000059e-02 4.970947027780000305e+00
8.027290839328228955e+00 -1.956780555500000143e-02 4.971017027780000319e+00
8.057320869358258975e+00 -3.339780555499999998e-02 4.971537027780000173e+00
8.087635899388288863e+00 -3.386280555500000011e-02 4.985192027780000146e+00
8.117260929418318227e+00 -3.386780555500000511e-02 4.985737027779999941e+00
8.147125959448349164e+00 -3.333280555499999742e-02 4.985907027779999723e+00
8.177240989478379518e+00 -3.342280555499999722e-02 4.985477027780000014e+00
8.207286019508408970e+00 -1.972280555500000032e-02 4.985687027780000058e+00
8.237361049538439062e+00 -1.921780555500000182e-02 4.985697027779999679e+00
8.267401079568468703e+00 -1.908280555499999864e-02 4.985857027779999839e+00
8.298106109598499813e+00 -1.915780555500000079e-02 4.985807027779999956e+00
8.328056139628529309e+00 -1.912280555500000048e-02 4.985947027779999985e+00
8.386806169658559185e+00 -1.914280555499999967e-02 4.985357027780000116e+00
8.417211199688589218e+00 -1.898780555500000078e-02 4.985392027779999680e+00
8.476206229718618701e+00 -1.917280555500000191e-02 4.985297027779999723e+00
8.506646259748649186e+00 -1.926280555500000172e-02 4.985597027779999912e+00
8.550986289778679250e+00 -1.951780555500000000e-02 4.986217027780000421e+00
8.595331319808709125e+00 -1.945280555500000091e-02 4.986077027780000392e+00
8.626126349838738605e+00 -3.340780555499999610e-02 5.000157027780000263e+00
8.656506379868769585e+00 -3.368780555499999857e-02 5.000467027780000073e+00
8.700566409898799591e+00 -4.816280555500000032e-02 5.000992027779999738e+00
8.730786439928829523e+00 -6.325280554999999916e-02 5.015432027780000190e+00
8.761046469958859717e+00 -7.779280554999999653e-02 5.029882027780000264e+00
8.791176499988889503e+00 -9.266780555000000974e-02 5.029667027780000410e+00
8.821501530018919013e+00 -1.069278055500000046e-01 5.029687027779999653e+00
8.851401560048948625e+00 -1.073528055499999995e-01 5.015212027779999637e+00
8.881161590078979984e+00 -1.214928055500000131e-01 5.015152027780000132e+00
8.911021620109009334e+00 -1.220578055500000092e-01 5.029917027779999827e+00
8.927006650139039934e+00 -1.367478055499999900e-01 5.029612027779999828e+00
8.957046680169069575e+00 -1.514628055499999959e-01 5.029922027779999638e+00
8.986606710199099624e+00 -1.662628055500000035e-01 5.015357027780000365e+00
9.016166740229129672e+00 -1.956528055500000030e-01 5.029957027780000089e+00
9.031996770259159035e+00 -2.244528055499999952e-01 5.029707027779999784e+00
9.061761800289190205e+00 -2.387428055499999924e-01 5.015427027780000380e+00
9.091411830319218623e+00 -2.391978055500000033e-01 5.015342027780000045e+00
9.121531860349248788e+00 -2.396828055499999888e-01 5.014997027779999783e+00
9.152026890379278967e+00 -2.397778055500000005e-01 5.015457027780000132e+00
9.195931920409309512e+00 -2.402628055500000137e-01 5.015422027779999681e+00
9.226116950439338993e+00 -2.538328055499999847e-01 5.015457027780000132e+00
9.256566980469369099e+00 -2.540878055499999899e-01 5.015402027780000438e+00
9.301422010499399207e+00 -2.544328055500000296e-01 5.015122027780000380e+00
9.332127040529430317e+00 -2.546728055499999921e-01 5.000677027780000117e+00
9.376352070559459406e+00 -2.545778055499999804e-01 5.000502027779999636e+00
9.450402100599490041e+00 -2.546828055500000021e-01 5.000472027779999884e+00
9.510007130629519523e+00 -2.545828055500000131e-01 5.000422027780000001e+00
9.555127160659550256e+00 -2.545528055500000386e-01 5.000282027779999972e+00
9.599707190689580116e+00 -2.543528055500000051e-01 4.986567027779999606e+00
9.658937220719609584e+00 -2.541228055499999972e-01 4.986457027780000217e+00
9.732767250739639664e+00 -2.541528055499999716e-01 4.986487027779999970e+00
9.777697280769670485e+00 -2.539978055500000109e-01 4.986057027780000261e+00
9.822127310799700695e+00 -2.537328055499999957e-01 4.986137027779999897e+00
9.853107340829730276e+00 -2.536678055500000140e-01 4.986017027779999999e+00
9.898087370859759204e+00 -2.402078055500000142e-01 4.986172027780000349e+00
9.942517400889789414e+00 -2.396628055500000243e-01 4.985937027780000363e+00
9.986847430919819857e+00 -2.395378055500000103e-01 4.985832027779999898e+00
1.006112746094984978e+01 -2.391078055499999966e-01 4.985357027780000116e+00
1.010570749097987964e+01 -2.251128055499999892e-01 4.985497027780000145e+00
1.015003752100991008e+01 -2.244378055500000080e-01 4.985667027779999927e+00
1.018066755103994048e+01 -1.956028055499999807e-01 4.985642027779999985e+00
1.022464758106996996e+01 -1.809078055499999949e-01 4.985522027780000087e+00
1.025527761110000036e+01 -1.658878055499999893e-01 4.985872027780000160e+00
1.025552761109999977e+01 -1.514278055499999887e-01 4.985652027779999607e+00
1.025572761109999931e+01 -1.371928055499999910e-01 4.956037027779999882e+00
1.026972761110000043e+01 -1.360478055500000116e-01 4.926507027780000492e+00
1.027052761110000034e+01 -1.218128055500000140e-01 4.910622027780000565e+00
1.028447761109999981e+01 -1.210478055499999983e-01 4.880507027780000229e+00
1.028457761109999957e+01 -9.237780555000001115e-02 4.880032027779999559e+00
1.028477761110000088e+01 -6.323280555000000691e-02 4.864377027780000695e+00
1.028492761110000053e+01 -4.825280555500000013e-02 4.834777027780000402e+00
1.028467761109999934e+01 -3.333780555500000242e-02 4.818947027800000171e+00
1.028462761109999946e+01 -1.967780555500000042e-02 4.803522027800000593e+00
1.028437761110000004e+01 -1.912280555500000048e-02 4.773762027800000141e+00
1.026992761109999996e+01 -1.851280555500000105e-02 4.743917027800000241e+00
1.025587761110000073e+01 -4.702805554999999957e-03 4.699207027799999992e+00
1.025522761110000047e+01 -4.632805555000000207e-03 4.683447027800000662e+00
1.025467761109999998e+01 -4.247805555000000281e-03 4.653457027800000034e+00
1.024062761110000075e+01 -4.482805555000000247e-03 4.624027027799999523e+00
1.023962761109999953e+01 -4.282805554999999723e-03 4.593802027799999799e+00
1.021122761109999999e+01 -4.297805554999999979e-03 4.563862027799999943e+00
1.019612761109999965e+01 -4.402805555000000037e-03 4.533787027799999869e+00
1.015272761109999955e+01 -4.552805554999999997e-03 4.503967027799999912e+00
1.013797761110000017e+01 -1.816280555499999796e-02 4.473922027800000478e+00
1.012342761110000033e+01 -1.827280555500000042e-02 4.443827027800000273e+00
1.012247761110000077e+01 -1.861280555500000045e-02 4.413827027800000025e+00
1.010762761109999985e+01 -1.865780555500000035e-02 4.384032027800000897e+00
1.004917761111000019e+01 -1.946780555499999857e-02 4.354252027800000313e+00
1.002007761111000050e+01 -3.349280555499999784e-02 4.324267027800000385e+00
1.001922761111000071e+01 -4.815280555500000420e-02 4.293797027800000166e+00
1.000515261111000065e+01 -4.847280555500000504e-02 4.249527027800000134e+00
1.000416261111000082e+01 -7.796780555000000501e-02 4.189992027779999795e+00
9.990077611109999367e+00 -9.234280555000000390e-02 4.130797027779999908e+00
9.975757611109999701e+00 -9.268280555000001086e-02 4.086322027779999644e+00
9.971000000000000085e+00 -1.068578055499999901e-01 4.055702027780000662e+00
9.971000000000000085e+00 -1.070928055500000031e-01 4.025342027779999832e+00
9.971000000000000085e+00 -1.068878055499999924e-01 3.980947027779999647e+00
9.971000000000000085e+00 -1.071828055499999960e-01 3.950547027779999887e+00
9.971000000000000085e+00 -1.073878055500000067e-01 3.920417027780000119e+00
9.971000000000000085e+00 -1.071728055499999999e-01 3.876492027779999905e+00
9.971000000000000085e+00 -1.065478055499999993e-01 3.846542027779999984e+00
9.971000000000000085e+00 -9.207280555000001143e-02 3.830327027780000115e+00
9.971000000000000085e+00 -7.787280554999999327e-02 3.786382027780000215e+00
9.971000000000000085e+00 -7.759280555000000468e-02 3.770167027779999902e+00
9.971000000000000085e+00 -6.285280555000000158e-02 3.726467027780000052e+00
9.971000000000000085e+00 -4.838280555499999830e-02 3.696317027780000153e+00
9.971000000000000085e+00 -3.386780555500000511e-02 3.666112027780000115e+00
9.971000000000000085e+00 -1.923280555500000294e-02 3.636552027780000085e+00
9.971000000000000085e+00 -1.852780555500000217e-02 3.620217027780000318e+00
9.971000000000000085e+00 -4.467805554999999991e-03 3.590442027779999989e+00
9.971000000000000085e+00 -3.307805555000000418e-03 3.560387027780000047e+00
9.971000000000000085e+00 2.536719444500000128e-02 3.530567027780000089e+00
9.971000000000000085e+00 5.496219445000000148e-02 3.501157027780000153e+00
9.971000000000000085e+00 9.816219445000000376e-02 3.485212027779999833e+00
9.971000000000000085e+00 9.888719444999999331e-02 3.456499999999999684e+00
9.971000000000000085e+00 1.129721944499999936e-01 3.426499999999999879e+00
9.971000000000000085e+00 1.139521944500000022e-01 3.396500000000000075e+00
9.971000000000000085e+00 1.428921944500000096e-01 3.366499999999999826e+00
9.971000000000000085e+00 1.726271944499999933e-01 3.336500000000000021e+00
9.971000000000000085e+00 2.014171944500000033e-01 3.306500000000000217e+00
9.971000000000000085e+00 2.159921944500000079e-01 3.276499999999999968e+00
9.971000000000000085e+00 2.166671944499999891e-01 3.246499999999999719e+00
9.971000000000000085e+00 2.308721944499999845e-01 3.216499999999999915e+00
9.971000000000000085e+00 2.313271944499999955e-01 3.186500000000000110e+00
9.971000000000000085e+00 2.318121944500000087e-01 3.156499999999999861e+00
9.971000000000000085e+00 2.320421944499999889e-01 3.126500000000000057e+00
9.971000000000000085e+00 2.458821944500000078e-01 3.096500000000000252e+00
9.971000000000000085e+00 2.463521944500000060e-01 3.066500000000000004e+00
9.971000000000000085e+00 2.463321944500000138e-01 3.036499999999999755e+00
9.971000000000000085e+00 2.462271944500000198e-01 3.006499999999999950e+00
9.971000000000000085e+00 2.465071944499999945e-01 2.976500000000000146e+00
9.971000000000000085e+00 2.465821944500000140e-01 2.946499999999999897e+00
9.971000000000000085e+00 2.461771944499999976e-01 2.916500000000000092e+00
9.971000000000000085e+00 2.461321944499999803e-01 2.886499999999999844e+00
9.971000000000000085e+00 2.461671944500000153e-01 2.856500000000000039e+00
9.931827611099999231e+00 2.019471944500000060e-01 2.810372027779999726e+00
9.946172611099999727e+00 2.157571944500000227e-01 2.780447027780000191e+00
9.946187611099999160e+00 2.161421944499999914e-01 2.750372027780000117e+00
9.946052611100000718e+00 2.165171944500000056e-01 2.720287027779999978e+00
9.946052611100000718e+00 2.168421944499999976e-01 2.690222027780000413e+00
9.946247611100000441e+00 2.168321944499999876e-01 2.660172027779999837e+00
9.960632611110000312e+00 2.170871944499999928e-01 2.630127027779999960e+00
9.946397611100000091e+00 2.173071944499999908e-01 2.586502027779999935e+00
9.946202611100000368e+00 2.173371944499999930e-01 2.570152027780000292e+00
9.946087611099999393e+00 2.307171944499999960e-01 2.540237027780000378e+00
9.946267611099999684e+00 2.308571944499999973e-01 2.510177027780000181e+00
9.946367611099999451e+00 2.309771944500000063e-01 2.480207027780000129e+00
9.946427611100000732e+00 2.312821944500000060e-01 2.435817027780000199e+00
9.946112611100000223e+00 2.313421944500000105e-01 2.405892027780000220e+00
9.931862611099999683e+00 2.313221944500000182e-01 2.375877027780000095e+00
9.931552611100000760e+00 2.313471944500000155e-01 2.345947027780000305e+00
9.931232611100000440e+00 2.313071944500000032e-01 2.315867027780000420e+00
9.917282611099999201e+00 2.311621944499999970e-01 2.285807027780000222e+00
9.916782611100000366e+00 2.311321944499999947e-01 2.255882027780000243e+00
9.902702611100000496e+00 2.311771944499999842e-01 2.226082027779999972e+00
9.901717611100000482e+00 2.310221944499999958e-01 2.196417027780000364e+00
9.887847611099999767e+00 2.306721944500000065e-01 2.180187027780000175e+00
9.887437611099999302e+00 2.173071944499999908e-01 2.150382027780000094e+00
9.886712611100000103e+00 2.167271944499999936e-01 2.120567027779999947e+00
9.857667611100000116e+00 2.162171944500000109e-01 2.090892027780000273e+00
9.813677611099999254e+00 2.019621944500000210e-01 2.060927027780000476e+00
9.799002611100000593e+00 1.873771944500000064e-01 2.030897027780000030e+00
9.784542611100000897e+00 1.723871944500000031e-01 2.001132027780000211e+00
9.783792611100000869e+00 1.429171944500000069e-01 1.970902027780000010e+00
