0.000000000000000000e+00 0.000000000000000000e+00 1.000000000000000000e+00
0.000000000000000000e+00 0.000000000000000000e+00 1.030075187969924810e+00
0.000000000000000000e+00 0.000000000000000000e+00 1.060150375939849621e+00
0.000000000000000000e+00 0.000000000000000000e+00 1.090225563909774431e+00
0.000000000000000000e+00 0.000000000000000000e+00 1.120300751879699241e+00
0.000000000000000000e+00 0.000000000000000000e+00 1.150375939849624052e+00
0.000000000000000000e+00 0.000000000000000000e+00 1.180451127819548862e+00
0.000000000000000000e+00 0.000000000000000000e+00 1.210526315789473673e+00
0.000000000000000000e+00 0.000000000000000000e+00 1.240601503759398483e+00
0.000000000000000000e+00 0.000000000000000000e+00 1.270676691729323293e+00
0.000000000000000000e+00 0.000000000000000000e+00 1.300751879699248104e+00
0.000000000000000000e+00 0.000000000000000000e+00 1.330827067669172914e+00
0.000000000000000000e+00 0.000000000000000000e+00 1.360902255639097724e+00
0.000000000000000000e+00 0.000000000000000000e+00 1.390977443609022535e+00
0.000000000000000000e+00 0.000000000000000000e+00 1.421052631578947345e+00
0.000000000000000000e+00 0.000000000000000000e+00 1.451127819548872155e+00
0.000000000000000000e+00 0.000000000000000000e+00 1.481203007518796966e+00
0.000000000000000000e+00 0.000000000000000000e+00 1.511278195488721776e+00
0.000000000000000000e+00 0.000000000000000000e+00 1.541353383458646586e+00
0.000000000000000000e+00 0.000000000000000000e+00 1.571428571428571397e+00
0.000000000000000000e+00 0.000000000000000000e+00 1.601503759398496207e+00
0.000000000000000000e+00 0.000000000000000000e+00 1.631578947368421018e+00
0.000000000000000000e+00 0.000000000000000000e+00 1.661654135338345828e+00
0.000000000000000000e+00 0.000000000000000000e+00 1.691729323308270638e+00
0.000000000000000000e+00 0.000000000000000000e+00 1.721804511278195449e+00
0.000000000000000000e+00 0.000000000000000000e+00 1.751879699248120259e+00
0.000000000000000000e+00 0.000000000000000000e+00 1.781954887218045069e+00
0.000000000000000000e+00 0.000000000000000000e+00 1.812030075187969880e+00
0.000000000000000000e+00 0.000000000000000000e+00 1.842105263157894690e+00
0.000000000000000000e+00 0.000000000000000000e+00 1.872180451127819500e+00
0.000000000000000000e+00 0.000000000000000000e+00 1.902255639097744311e+00
0.000000000000000000e+00 0.000000000000000000e+00 1.932330827067669121e+00
0.000000000000000000e+00 0.000000000000000000e+00 1.962406015037593932e+00
0.000000000000000000e+00 0.000000000000000000e+00 1.992481203007518742e+00
0.000000000000000000e+00 0.000000000000000000e+00 2.022556390977443552e+00
0.000000000000000000e+00 0.000000000000000000e+00 2.052631578947368141e+00
0.000000000000000000e+00 0.000000000000000000e+00 2.082706766917293173e+00
0.000000000000000000e+00 0.000000000000000000e+00 2.112781954887218205e+00
0.000000000000000000e+00 0.000000000000000000e+00 2.142857142857142794e+00
0.000000000000000000e+00 0.000000000000000000e+00 2.172932330827067382e+00
0.000000000000000000e+00 0.000000000000000000e+00 2.203007518796992414e+00
0.000000000000000000e+00 0.000000000000000000e+00 2.233082706766917447e+00
0.000000000000000000e+00 0.000000000000000000e+00 2.263157894736842035e+00
0.000000000000000000e+00 0.000000000000000000e+00 2.293233082706766623e+00
0.000000000000000000e+00 0.000000000000000000e+00 2.323308270676691656e+00
0.000000000000000000e+00 0.000000000000000000e+00 2.353383458646616688e+00
0.000000000000000000e+00 0.000000000000000000e+00 2.383458646616541277e+00
0.000000000000000000e+00 0.000000000000000000e+00 2.413533834586465865e+00
0.000000000000000000e+00 0.000000000000000000e+00 2.443609022556390897e+00
0.000000000000000000e+00 0.000000000000000000e+00 2.473684210526315930e+00
0.000000000000000000e+00 0.000000000000000000e+00 2.503759398496240518e+00
0.000000000000000000e+00 0.000000000000000000e+00 2.533834586466165106e+00
0.000000000000000000e+00 0.000000000000000000e+00 2.563909774436090139e+00
0.000000000000000000e+00 0.000000000000000000e+00 2.593984962406015171e+00
0.000000000000000000e+00 0.000000000000000000e+00 2.624060150375939759e+00
0.000000000000000000e+00 0.000000000000000000e+00 2.654135338345864348e+00
0.000000000000000000e+00 0.000000000000000000e+00 2.684210526315789380e+00
0.000000000000000000e+00 0.000000000000000000e+00 2.714285714285714413e+00
0.000000000000000000e+00 0.000000000000000000e+00 2.744360902255639001e+00
0.000000000000000000e+00 0.000000000000000000e+00 2.774436090225563589e+00
0.000000000000000000e+00 0.000000000000000000e+00 2.804511278195488622e+00
0.000000000000000000e+00 0.000000000000000000e+00 2.834586466165413654e+00
0.000000000000000000e+00 0.000000000000000000e+00 2.864661654135338242e+00
0.000000000000000000e+00 0.000000000000000000e+00 2.894736842105262831e+00
0.000000000000000000e+00 0.000000000000000000e+00 2.924812030075187863e+00
0.000000000000000000e+00 0.000000000000000000e+00 2.954887218045112895e+00
0.000000000000000000e+00 0.000000000000000000e+00 2.984962406015037484e+00
0.000000000000000000e+00 0.000000000000000000e+00 3.015037593984962072e+00
0.000000000000000000e+00 0.000000000000000000e+00 3.045112781954887105e+00
0.000000000000000000e+00 0.000000000000000000e+00 3.075187969924812137e+00
0.000000000000000000e+00 0.000000000000000000e+00 3.105263157894736725e+00
0.000000000000000000e+00 0.000000000000000000e+00 3.135338345864661314e+00
0.000000000000000000e+00 0.000000000000000000e+00 3.165413533834586346e+00
0.000000000000000000e+00 0.000000000000000000e+00 3.195488721804511378e+00
0.000000000000000000e+00 0.000000000000000000e+00 3.225563909774435967e+00
0.000000000000000000e+00 0.000000000000000000e+00 3.255639097744360555e+00
0.000000000000000000e+00 0.000000000000000000e+00 3.285714285714285587e+00
0.000000000000000000e+00 0.000000000000000000e+00 3.315789473684210620e+00
0.000000000000000000e+00 0.000000000000000000e+00 3.345864661654135208e+00
0.000000000000000000e+00 0.000000000000000000e+00 3.375939849624059796e+00
0.000000000000000000e+00 0.000000000000000000e+00 3.406015037593984829e+00
0.000000000000000000e+00 0.000000000000000000e+00 3.436090225563909861e+00
0.000000000000000000e+00 0.000000000000000000e+00 3.466165413533834450e+00
0.000000000000000000e+00 0.000000000000000000e+00 3.496240601503759038e+00
0.000000000000000000e+00 0.000000000000000000e+00 3.526315789473684070e+00
0.000000000000000000e+00 0.000000000000000000e+00 3.556390977443609103e+00
0.000000000000000000e+00 0.000000000000000000e+00 3.586466165413533691e+00
0.000000000000000000e+00 0.000000000000000000e+00 3.616541353383458279e+00
0.000000000000000000e+00 0.000000000000000000e+00 3.646616541353383312e+00
0.000000000000000000e+00 0.000000000000000000e+00 3.676691729323308344e+00
0.000000000000000000e+00 0.000000000000000000e+00 3.706766917293232932e+00
0.000000000000000000e+00 0.000000000000000000e+00 3.736842105263157521e+00
0.000000000000000000e+00 0.000000000000000000e+00 3.766917293233082553e+00
0.000000000000000000e+00 0.000000000000000000e+00 3.796992481203007586e+00
0.000000000000000000e+00 0.000000000000000000e+00 3.827067669172932174e+00
0.000000000000000000e+00 0.000000000000000000e+00 3.857142857142856762e+00
0.000000000000000000e+00 0.000000000000000000e+00 3.887218045112781795e+00
0.000000000000000000e+00 0.000000000000000000e+00 3.917293233082706827e+00
0.000000000000000000e+00 0.000000000000000000e+00 3.947368421052631415e+00
0.000000000000000000e+00 0.000000000000000000e+00 3.977443609022556004e+00
0.000000000000000000e+00 0.000000000000000000e+00 4.007518796992481036e+00
0.000000000000000000e+00 0.000000000000000000e+00 4.037593984962406068e+00
0.000000000000000000e+00 0.000000000000000000e+00 4.067669172932330213e+00
0.000000000000000000e+00 0.000000000000000000e+00 4.097744360902255245e+00
0.000000000000000000e+00 0.000000000000000000e+00 4.127819548872180277e+00
0.000000000000000000e+00 0.000000000000000000e+00 4.157894736842105310e+00
0.000000000000000000e+00 0.000000000000000000e+00 4.187969924812030342e+00
0.000000000000000000e+00 0.000000000000000000e+00 4.218045112781954487e+00
0.000000000000000000e+00 0.000000000000000000e+00 4.248120300751879519e+00
0.000000000000000000e+00 0.000000000000000000e+00 4.278195488721804551e+00
0.000000000000000000e+00 0.000000000000000000e+00 4.308270676691728696e+00
0.000000000000000000e+00 0.000000000000000000e+00 4.338345864661653728e+00
0.000000000000000000e+00 0.000000000000000000e+00 4.368421052631578760e+00
0.000000000000000000e+00 0.000000000000000000e+00 4.398496240601503793e+00
0.000000000000000000e+00 0.000000000000000000e+00 4.428571428571428825e+00
0.000000000000000000e+00 0.000000000000000000e+00 4.458646616541352969e+00
0.000000000000000000e+00 0.000000000000000000e+00 4.488721804511278002e+00
0.000000000000000000e+00 0.000000000000000000e+00 4.518796992481203034e+00
0.000000000000000000e+00 0.000000000000000000e+00 4.548872180451127178e+00
0.000000000000000000e+00 0.000000000000000000e+00 4.578947368421052211e+00
0.000000000000000000e+00 0.000000000000000000e+00 4.609022556390977243e+00
0.000000000000000000e+00 0.000000000000000000e+00 4.639097744360902276e+00
0.000000000000000000e+00 0.000000000000000000e+00 4.669172932330827308e+00
0.000000000000000000e+00 0.000000000000000000e+00 4.699248120300751452e+00
0.000000000000000000e+00 0.000000000000000000e+00 4.729323308270676485e+00
0.000000000000000000e+00 0.000000000000000000e+00 4.759398496240601517e+00
0.000000000000000000e+00 0.000000000000000000e+00 4.789473684210525661e+00
0.000000000000000000e+00 0.000000000000000000e+00 4.819548872180450694e+00
0.000000000000000000e+00 0.000000000000000000e+00 4.849624060150375726e+00
0.000000000000000000e+00 0.000000000000000000e+00 4.879699248120300759e+00
0.000000000000000000e+00 0.000000000000000000e+00 4.909774436090225791e+00
0.000000000000000000e+00 0.000000000000000000e+00 4.939849624060149935e+00
0.000000000000000000e+00 0.000000000000000000e+00 4.969924812030074968e+00
0.000000000000000000e+00 0.000000000000000000e+00 5.000000000000000000e+00
0.000000000000000000e+00 0.000000000000000000e+00 5.000000000000000000e+00
3.003003003003002977e-02 0.000000000000000000e+00 5.000000000000000000e+00
6.006006006006005954e-02 0.000000000000000000e+00 5.000000000000000000e+00
9.009009009009008584e-02 0.000000000000000000e+00 5.000000000000000000e+00
1.201201201201201191e-01 0.000000000000000000e+00 5.000000000000000000e+00
1.501501501501501523e-01 0.000000000000000000e+00 5.000000000000000000e+00
1.801801801801801717e-01 0.000000000000000000e+00 5.000000000000000000e+00
2.102102102102102188e-01 0.000000000000000000e+00 5.000000000000000000e+00
2.402402402402402382e-01 0.000000000000000000e+00 5.000000000000000000e+00
2.702702702702702853e-01 0.000000000000000000e+00 5.000000000000000000e+00
3.003003003003003046e-01 0.000000000000000000e+00 5.000000000000000000e+00
3.303303303303303240e-01 0.000000000000000000e+00 5.000000000000000000e+00
3.603603603603603434e-01 0.000000000000000000e+00 5.000000000000000000e+00
3.903903903903903627e-01 0.000000000000000000e+00 5.000000000000000000e+00
4.204204204204204376e-01 0.000000000000000000e+00 5.000000000000000000e+00
4.504504504504504570e-01 0.000000000000000000e+00 5.000000000000000000e+00
4.804804804804804763e-01 0.000000000000000000e+00 5.000000000000000000e+00
5.105105105105105512e-01 0.000000000000000000e+00 5.000000000000000000e+00
5.405405405405405705e-01 0.000000000000000000e+00 5.000000000000000000e+00
5.705705705705705899e-01 0.000000000000000000e+00 5.000000000000000000e+00
6.006006006006006093e-01 0.000000000000000000e+00 5.000000000000000000e+00
6.306306306306306286e-01 0.000000000000000000e+00 5.000000000000000000e+00
6.606606606606606480e-01 0.000000000000000000e+00 5.000000000000000000e+00
6.906906906906906674e-01 0.000000000000000000e+00 5.000000000000000000e+00
7.207207207207206867e-01 0.000000000000000000e+00 5.000000000000000000e+00
7.507507507507507061e-01 0.000000000000000000e+00 5.000000000000000000e+00
7.807807807807807254e-01 0.000000000000000000e+00 5.000000000000000000e+00
8.108108108108108558e-01 0.000000000000000000e+00 5.000000000000000000e+00
8.408408408408408752e-01 0.000000000000000000e+00 5.000000000000000000e+00
8.708708708708708945e-01 0.000000000000000000e+00 5.000000000000000000e+00
9.009009009009009139e-01 0.000000000000000000e+00 5.000000000000000000e+00
9.309309309309309333e-01 0.000000000000000000e+00 5.000000000000000000e+00
9.609609609609609526e-01 0.000000000000000000e+00 5.000000000000000000e+00
9.909909909909909720e-01 0.000000000000000000e+00 5.000000000000000000e+00
1.021021021021021102e+00 0.000000000000000000e+00 5.000000000000000000e+00
1.051051051051051122e+00 0.000000000000000000e+00 5.000000000000000000e+00
1.081081081081081141e+00 0.000000000000000000e+00 5.000000000000000000e+00
1.111111111111111160e+00 0.000000000000000000e+00 5.000000000000000000e+00
1.141141141141141180e+00 0.000000000000000000e+00 5.000000000000000000e+00
1.171171171171171199e+00 0.000000000000000000e+00 5.000000000000000000e+00
1.201201201201201219e+00 0.000000000000000000e+00 5.000000000000000000e+00
1.231231231231231238e+00 0.000000000000000000e+00 5.000000000000000000e+00
1.261261261261261257e+00 0.000000000000000000e+00 5.000000000000000000e+00
1.291291291291291277e+00 0.000000000000000000e+00 5.000000000000000000e+00
1.321321321321321296e+00 0.000000000000000000e+00 5.000000000000000000e+00
1.351351351351351315e+00 0.000000000000000000e+00 5.000000000000000000e+00
1.381381381381381335e+00 0.000000000000000000e+00 5.000000000000000000e+00
1.411411411411411354e+00 0.000000000000000000e+00 5.000000000000000000e+00
1.441441441441441373e+00 0.000000000000000000e+00 5.000000000000000000e+00
1.471471471471471393e+00 0.000000000000000000e+00 5.000000000000000000e+00
1.501501501501501412e+00 0.000000000000000000e+00 5.000000000000000000e+00
1.531531531531531432e+00 0.000000000000000000e+00 5.000000000000000000e+00
1.561561561561561451e+00 0.000000000000000000e+00 5.000000000000000000e+00
1.591591591591591470e+00 0.000000000000000000e+00 5.000000000000000000e+00
1.621621621621621712e+00 0.000000000000000000e+00 5.000000000000000000e+00
1.651651651651651731e+00 0.000000000000000000e+00 5.000000000000000000e+00
1.681681681681681750e+00 0.000000000000000000e+00 5.000000000000000000e+00
1.711711711711711770e+00 0.000000000000000000e+00 5.000000000000000000e+00
1.741741741741741789e+00 0.000000000000000000e+00 5.000000000000000000e+00
1.771771771771771808e+00 0.000000000000000000e+00 5.000000000000000000e+00
1.801801801801801828e+00 0.000000000000000000e+00 5.000000000000000000e+00
1.831831831831831847e+00 0.000000000000000000e+00 5.000000000000000000e+00
1.861861861861861867e+00 0.000000000000000000e+00 5.000000000000000000e+00
1.891891891891891886e+00 0.000000000000000000e+00 5.000000000000000000e+00
1.921921921921921905e+00 0.000000000000000000e+00 5.000000000000000000e+00
1.951951951951951925e+00 0.000000000000000000e+00 5.000000000000000000e+00
1.981981981981981944e+00 0.000000000000000000e+00 5.000000000000000000e+00
2.012012012012012185e+00 0.000000000000000000e+00 5.000000000000000000e+00
2.042042042042042205e+00 0.000000000000000000e+00 5.000000000000000000e+00
2.072072072072072224e+00 0.000000000000000000e+00 5.000000000000000000e+00
2.102102102102102243e+00 0.000000000000000000e+00 5.000000000000000000e+00
2.132132132132132263e+00 0.000000000000000000e+00 5.000000000000000000e+00
2.162162162162162282e+00 0.000000000000000000e+00 5.000000000000000000e+00
2.192192192192192302e+00 0.000000000000000000e+00 5.000000000000000000e+00
2.222222222222222321e+00 0.000000000000000000e+00 5.000000000000000000e+00
2.252252252252252340e+00 0.000000000000000000e+00 5.000000000000000000e+00
2.282282282282282360e+00 0.000000000000000000e+00 5.000000000000000000e+00
2.312312312312312379e+00 0.000000000000000000e+00 5.000000000000000000e+00
2.342342342342342398e+00 0.000000000000000000e+00 5.000000000000000000e+00
2.372372372372372418e+00 0.000000000000000000e+00 5.000000000000000000e+00
2.402402402402402437e+00 0.000000000000000000e+00 5.000000000000000000e+00
2.432432432432432456e+00 0.000000000000000000e+00 5.000000000000000000e+00
2.462462462462462476e+00 0.000000000000000000e+00 5.000000000000000000e+00
2.492492492492492495e+00 0.000000000000000000e+00 5.000000000000000000e+00
2.522522522522522515e+00 0.000000000000000000e+00 5.000000000000000000e+00
2.552552552552552534e+00 0.000000000000000000e+00 5.000000000000000000e+00
2.582582582582582553e+00 0.000000000000000000e+00 5.000000000000000000e+00
2.612612612612612573e+00 0.000000000000000000e+00 5.000000000000000000e+00
2.642642642642642592e+00 0.000000000000000000e+00 5.000000000000000000e+00
2.672672672672672611e+00 0.000000000000000000e+00 5.000000000000000000e+00
2.702702702702702631e+00 0.000000000000000000e+00 5.000000000000000000e+00
2.732732732732732650e+00 0.000000000000000000e+00 5.000000000000000000e+00
2.762762762762762669e+00 0.000000000000000000e+00 5.000000000000000000e+00
2.792792792792792689e+00 0.000000000000000000e+00 5.000000000000000000e+00
2.822822822822822708e+00 0.000000000000000000e+00 5.000000000000000000e+00
2.852852852852852727e+00 0.000000000000000000e+00 5.000000000000000000e+00
2.882882882882882747e+00 0.000000000000000000e+00 5.000000000000000000e+00
2.912912912912912766e+00 0.000000000000000000e+00 5.000000000000000000e+00
2.942942942942942786e+00 0.000000000000000000e+00 5.000000000000000000e+00
2.972972972972972805e+00 0.000000000000000000e+00 5.000000000000000000e+00
3.003003003003002824e+00 0.000000000000000000e+00 5.000000000000000000e+00
3.033033033033032844e+00 0.000000000000000000e+00 5.000000000000000000e+00
3.063063063063062863e+00 0.000000000000000000e+00 5.000000000000000000e+00
3.093093093093092882e+00 0.000000000000000000e+00 5.000000000000000000e+00
3.123123123123122902e+00 0.000000000000000000e+00 5.000000000000000000e+00
3.153153153153152921e+00 0.000000000000000000e+00 5.000000000000000000e+00
3.183183183183182940e+00 0.000000000000000000e+00 5.000000000000000000e+00
3.213213213213213404e+00 0.000000000000000000e+00 5.000000000000000000e+00
3.243243243243243423e+00 0.000000000000000000e+00 5.000000000000000000e+00
3.273273273273273443e+00 0.000000000000000000e+00 5.000000000000000000e+00
3.303303303303303462e+00 0.000000000000000000e+00 5.000000000000000000e+00
3.333333333333333481e+00 0.000000000000000000e+00 5.000000000000000000e+00
3.363363363363363501e+00 0.000000000000000000e+00 5.000000000000000000e+00
3.393393393393393520e+00 0.000000000000000000e+00 5.000000000000000000e+00
3.423423423423423539e+00 0.000000000000000000e+00 5.000000000000000000e+00
3.453453453453453559e+00 0.000000000000000000e+00 5.000000000000000000e+00
3.483483483483483578e+00 0.000000000000000000e+00 5.000000000000000000e+00
3.513513513513513598e+00 0.000000000000000000e+00 5.000000000000000000e+00
3.543543543543543617e+00 0.000000000000000000e+00 5.000000000000000000e+00
3.573573573573573636e+00 0.000000000000000000e+00 5.000000000000000000e+00
3.603603603603603656e+00 0.000000000000000000e+00 5.000000000000000000e+00
3.633633633633633675e+00 0.000000000000000000e+00 5.000000000000000000e+00
3.663663663663663694e+00 0.000000000000000000e+00 5.000000000000000000e+00
3.693693693693693714e+00 0.000000000000000000e+00 5.000000000000000000e+00
3.723723723723723733e+00 0.000000000000000000e+00 5.000000000000000000e+00
3.753753753753753752e+00 0.000000000000000000e+00 5.000000000000000000e+00
3.783783783783783772e+00 0.000000000000000000e+00 5.000000000000000000e+00
3.813813813813813791e+00 0.000000000000000000e+00 5.000000000000000000e+00
3.843843843843843811e+00 0.000000000000000000e+00 5.000000000000000000e+00
3.873873873873873830e+00 0.000000000000000000e+00 5.000000000000000000e+00
3.903903903903903849e+00 0.000000000000000000e+00 5.000000000000000000e+00
3.933933933933933869e+00 0.000000000000000000e+00 5.000000000000000000e+00
3.963963963963963888e+00 0.000000000000000000e+00 5.000000000000000000e+00
3.993993993993993907e+00 0.000000000000000000e+00 5.000000000000000000e+00
4.024024024024024371e+00 0.000000000000000000e+00 5.000000000000000000e+00
4.054054054054054390e+00 0.000000000000000000e+00 5.000000000000000000e+00
4.084084084084084409e+00 0.000000000000000000e+00 5.000000000000000000e+00
4.114114114114114429e+00 0.000000000000000000e+00 5.000000000000000000e+00
4.144144144144144448e+00 0.000000000000000000e+00 5.000000000000000000e+00
4.174174174174174468e+00 0.000000000000000000e+00 5.000000000000000000e+00
4.204204204204204487e+00 0.000000000000000000e+00 5.000000000000000000e+00
4.234234234234234506e+00 0.000000000000000000e+00 5.000000000000000000e+00
4.264264264264264526e+00 0.000000000000000000e+00 5.000000000000000000e+00
4.294294294294294545e+00 0.000000000000000000e+00 5.000000000000000000e+00
4.324324324324324564e+00 0.000000000000000000e+00 5.000000000000000000e+00
4.354354354354354584e+00 0.000000000000000000e+00 5.000000000000000000e+00
4.384384384384384603e+00 0.000000000000000000e+00 5.000000000000000000e+00
4.414414414414414622e+00 0.000000000000000000e+00 5.000000000000000000e+00
4.444444444444444642e+00 0.000000000000000000e+00 5.000000000000000000e+00
4.474474474474474661e+00 0.000000000000000000e+00 5.000000000000000000e+00
4.504504504504504681e+00 0.000000000000000000e+00 5.000000000000000000e+00
4.534534534534534700e+00 0.000000000000000000e+00 5.000000000000000000e+00
4.564564564564564719e+00 0.000000000000000000e+00 5.000000000000000000e+00
4.594594594594594739e+00 0.000000000000000000e+00 5.000000000000000000e+00
4.624624624624624758e+00 0.000000000000000000e+00 5.000000000000000000e+00
4.654654654654654777e+00 0.000000000000000000e+00 5.000000000000000000e+00
4.684684684684684797e+00 0.000000000000000000e+00 5.000000000000000000e+00
4.714714714714714816e+00 0.000000000000000000e+00 5.000000000000000000e+00
4.744744744744744835e+00 0.000000000000000000e+00 5.000000000000000000e+00
4.774774774774774855e+00 0.000000000000000000e+00 5.000000000000000000e+00
4.804804804804804874e+00 0.000000000000000000e+00 5.000000000000000000e+00
4.834834834834834894e+00 0.000000000000000000e+00 5.000000000000000000e+00
4.864864864864864913e+00 0.000000000000000000e+00 5.000000000000000000e+00
4.894894894894894932e+00 0.000000000000000000e+00 5.000000000000000000e+00
4.924924924924924952e+00 0.000000000000000000e+00 5.000000000000000000e+00
4.954954954954954971e+00 0.000000000000000000e+00 5.000000000000000000e+00
4.984984984984984990e+00 0.000000000000000000e+00 5.000000000000000000e+00
5.015015015015015010e+00 0.000000000000000000e+00 5.000000000000000000e+00
5.045045045045045029e+00 0.000000000000000000e+00 5.000000000000000000e+00
5.075075075075075048e+00 0.000000000000000000e+00 5.000000000000000000e+00
5.105105105105105068e+00 0.000000000000000000e+00 5.000000000000000000e+00
5.135135135135135087e+00 0.000000000000000000e+00 5.000000000000000000e+00
5.165165165165165106e+00 0.000000000000000000e+00 5.000000000000000000e+00
5.195195195195195126e+00 0.000000000000000000e+00 5.000000000000000000e+00
5.225225225225225145e+00 0.000000000000000000e+00 5.000000000000000000e+00
5.255255255255255165e+00 0.000000000000000000e+00 5.000000000000000000e+00
5.285285285285285184e+00 0.000000000000000000e+00 5.000000000000000000e+00
5.315315315315315203e+00 0.000000000000000000e+00 5.000000000000000000e+00
5.345345345345345223e+00 0.000000000000000000e+00 5.000000000000000000e+00
5.375375375375375242e+00 0.000000000000000000e+00 5.000000000000000000e+00
5.405405405405405261e+00 0.000000000000000000e+00 5.000000000000000000e+00
5.435435435435435281e+00 0.000000000000000000e+00 5.000000000000000000e+00
5.465465465465465300e+00 0.000000000000000000e+00 5.000000000000000000e+00
5.495495495495495319e+00 0.000000000000000000e+00 5.000000000000000000e+00
5.525525525525525339e+00 0.000000000000000000e+00 5.000000000000000000e+00
5.555555555555555358e+00 0.000000000000000000e+00 5.000000000000000000e+00
5.585585585585585378e+00 0.000000000000000000e+00 5.000000000000000000e+00
5.615615615615615397e+00 0.000000000000000000e+00 5.000000000000000000e+00
5.645645645645645416e+00 0.000000000000000000e+00 5.000000000000000000e+00
5.675675675675675436e+00 0.000000000000000000e+00 5.000000000000000000e+00
5.705705705705705455e+00 0.000000000000000000e+00 5.000000000000000000e+00
5.735735735735735474e+00 0.000000000000000000e+00 5.000000000000000000e+00
5.765765765765765494e+00 0.000000000000000000e+00 5.000000000000000000e+00
5.795795795795795513e+00 0.000000000000000000e+00 5.000000000000000000e+00
5.825825825825825532e+00 0.000000000000000000e+00 5.000000000000000000e+00
5.855855855855855552e+00 0.000000000000000000e+00 5.000000000000000000e+00
5.885885885885885571e+00 0.000000000000000000e+00 5.000000000000000000e+00
5.915915915915915591e+00 0.000000000000000000e+00 5.000000000000000000e+00
5.945945945945945610e+00 0.000000000000000000e+00 5.000000000000000000e+00
5.975975975975975629e+00 0.000000000000000000e+00 5.000000000000000000e+00
6.006006006006005649e+00 0.000000000000000000e+00 5.000000000000000000e+00
6.036036036036035668e+00 0.000000000000000000e+00 5.000000000000000000e+00
6.066066066066065687e+00 0.000000000000000000e+00 5.000000000000000000e+00
6.096096096096095707e+00 0.000000000000000000e+00 5.000000000000000000e+00
6.126126126126125726e+00 0.000000000000000000e+00 5.000000000000000000e+00
6.156156156156155745e+00 0.000000000000000000e+00 5.000000000000000000e+00
6.186186186186185765e+00 0.000000000000000000e+00 5.000000000000000000e+00
6.216216216216215784e+00 0.000000000000000000e+00 5.000000000000000000e+00
6.246246246246245803e+00 0.000000000000000000e+00 5.000000000000000000e+00
6.276276276276275823e+00 0.000000000000000000e+00 5.000000000000000000e+00
6.306306306306305842e+00 0.000000000000000000e+00 5.000000000000000000e+00
6.336336336336335862e+00 0.000000000000000000e+00 5.000000000000000000e+00
6.366366366366365881e+00 0.000000000000000000e+00 5.000000000000000000e+00
6.396396396396395900e+00 0.000000000000000000e+00 5.000000000000000000e+00
6.426426426426426808e+00 0.000000000000000000e+00 5.000000000000000000e+00
6.456456456456456827e+00 0.000000000000000000e+00 5.000000000000000000e+00
6.486486486486486847e+00 0.000000000000000000e+00 5.000000000000000000e+00
6.516516516516516866e+00 0.000000000000000000e+00 5.000000000000000000e+00
6.546546546546546885e+00 0.000000000000000000e+00 5.000000000000000000e+00
6.576576576576576905e+00 0.000000000000000000e+00 5.000000000000000000e+00
6.606606606606606924e+00 0.000000000000000000e+00 5.000000000000000000e+00
6.636636636636636943e+00 0.000000000000000000e+00 5.000000000000000000e+00
6.666666666666666963e+00 0.000000000000000000e+00 5.000000000000000000e+00
6.696696696696696982e+00 0.000000000000000000e+00 5.000000000000000000e+00
6.726726726726727001e+00 0.000000000000000000e+00 5.000000000000000000e+00
6.756756756756757021e+00 0.000000000000000000e+00 5.000000000000000000e+00
6.786786786786787040e+00 0.000000000000000000e+00 5.000000000000000000e+00
6.816816816816817060e+00 0.000000000000000000e+00 5.000000000000000000e+00
6.846846846846847079e+00 0.000000000000000000e+00 5.000000000000000000e+00
6.876876876876877098e+00 0.000000000000000000e+00 5.000000000000000000e+00
6.906906906906907118e+00 0.000000000000000000e+00 5.000000000000000000e+00
6.936936936936937137e+00 0.000000000000000000e+00 5.000000000000000000e+00
6.966966966966967156e+00 0.000000000000000000e+00 5.000000000000000000e+00
6.996996996996997176e+00 0.000000000000000000e+00 5.000000000000000000e+00
7.027027027027027195e+00 0.000000000000000000e+00 5.000000000000000000e+00
7.057057057057057214e+00 0.000000000000000000e+00 5.000000000000000000e+00
7.087087087087087234e+00 0.000000000000000000e+00 5.000000000000000000e+00
7.117117117117117253e+00 0.000000000000000000e+00 5.000000000000000000e+00
7.147147147147147273e+00 0.000000000000000000e+00 5.000000000000000000e+00
7.177177177177177292e+00 0.000000000000000000e+00 5.000000000000000000e+00
7.207207207207207311e+00 0.000000000000000000e+00 5.000000000000000000e+00
7.237237237237237331e+00 0.000000000000000000e+00 5.000000000000000000e+00
7.267267267267267350e+00 0.000000000000000000e+00 5.000000000000000000e+00
7.297297297297297369e+00 0.000000000000000000e+00 5.000000000000000000e+00
7.327327327327327389e+00 0.000000000000000000e+00 5.000000000000000000e+00
7.357357357357357408e+00 0.000000000000000000e+00 5.000000000000000000e+00
7.387387387387387427e+00 0.000000000000000000e+00 5.000000000000000000e+00
7.417417417417417447e+00 0.000000000000000000e+00 5.000000000000000000e+00
7.447447447447447466e+00 0.000000000000000000e+00 5.000000000000000000e+00
7.477477477477477485e+00 0.000000000000000000e+00 5.000000000000000000e+00
7.507507507507507505e+00 0.000000000000000000e+00 5.000000000000000000e+00
7.537537537537537524e+00 0.000000000000000000e+00 5.000000000000000000e+00
7.567567567567567544e+00 0.000000000000000000e+00 5.000000000000000000e+00
7.597597597597597563e+00 0.000000000000000000e+00 5.000000000000000000e+00
7.627627627627627582e+00 0.000000000000000000e+00 5.000000000000000000e+00
7.657657657657657602e+00 0.000000000000000000e+00 5.000000000000000000e+00
7.687687687687687621e+00 0.000000000000000000e+00 5.000000000000000000e+00
7.717717717717717640e+00 0.000000000000000000e+00 5.000000000000000000e+00
7.747747747747747660e+00 0.000000000000000000e+00 5.000000000000000000e+00
7.777777777777777679e+00 0.000000000000000000e+00 5.000000000000000000e+00
7.807807807807807698e+00 0.000000000000000000e+00 5.000000000000000000e+00
7.837837837837837718e+00 0.000000000000000000e+00 5.000000000000000000e+00
7.867867867867867737e+00 0.000000000000000000e+00 5.000000000000000000e+00
7.897897897897897757e+00 0.000000000000000000e+00 5.000000000000000000e+00
7.927927927927927776e+00 0.000000000000000000e+00 5.000000000000000000e+00
7.957957957957957795e+00 0.000000000000000000e+00 5.000000000000000000e+00
7.987987987987987815e+00 0.000000000000000000e+00 5.000000000000000000e+00
8.018018018018018722e+00 0.000000000000000000e+00 5.000000000000000000e+00
8.048048048048048742e+00 0.000000000000000000e+00 5.000000000000000000e+00
8.078078078078078761e+00 0.000000000000000000e+00 5.000000000000000000e+00
8.108108108108108780e+00 0.000000000000000000e+00 5.000000000000000000e+00
8.138138138138138800e+00 0.000000000000000000e+00 5.000000000000000000e+00
8.168168168168168819e+00 0.000000000000000000e+00 5.000000000000000000e+00
8.198198198198198838e+00 0.000000000000000000e+00 5.000000000000000000e+00
8.228228228228228858e+00 0.000000000000000000e+00 5.000000000000000000e+00
8.258258258258258877e+00 0.000000000000000000e+00 5.000000000000000000e+00
8.288288288288288896e+00 0.000000000000000000e+00 5.000000000000000000e+00
8.318318318318318916e+00 0.000000000000000000e+00 5.000000000000000000e+00
8.348348348348348935e+00 0.000000000000000000e+00 5.000000000000000000e+00
8.378378378378378954e+00 0.000000000000000000e+00 5.000000000000000000e+00
8.408408408408408974e+00 0.000000000000000000e+00 5.000000000000000000e+00
8.438438438438438993e+00 0.000000000000000000e+00 5.000000000000000000e+00
8.468468468468469013e+00 0.000000000000000000e+00 5.000000000000000000e+00
8.498498498498499032e+00 0.000000000000000000e+00 5.000000000000000000e+00
8.528528528528529051e+00 0.000000000000000000e+00 5.000000000000000000e+00
8.558558558558559071e+00 0.000000000000000000e+00 5.000000000000000000e+00
8.588588588588589090e+00 0.000000000000000000e+00 5.000000000000000000e+00
8.618618618618619109e+00 0.000000000000000000e+00 5.000000000000000000e+00
8.648648648648649129e+00 0.000000000000000000e+00 5.000000000000000000e+00
8.678678678678679148e+00 0.000000000000000000e+00 5.000000000000000000e+00
8.708708708708709167e+00 0.000000000000000000e+00 5.000000000000000000e+00
8.738738738738739187e+00 0.000000000000000000e+00 5.000000000000000000e+00
8.768768768768769206e+00 0.000000000000000000e+00 5.000000000000000000e+00
8.798798798798799226e+00 0.000000000000000000e+00 5.000000000000000000e+00
8.828828828828829245e+00 0.000000000000000000e+00 5.000000000000000000e+00
8.858858858858859264e+00 0.000000000000000000e+00 5.000000000000000000e+00
8.888888888888889284e+00 0.000000000000000000e+00 5.000000000000000000e+00
8.918918918918919303e+00 0.000000000000000000e+00 5.000000000000000000e+00
8.948948948948949322e+00 0.000000000000000000e+00 5.000000000000000000e+00
8.978978978978979342e+00 0.000000000000000000e+00 5.000000000000000000e+00
9.009009009009009361e+00 0.000000000000000000e+00 5.000000000000000000e+00
9.039039039039039380e+00 0.000000000000000000e+00 5.000000000000000000e+00
9.069069069069069400e+00 0.000000000000000000e+00 5.000000000000000000e+00
9.099099099099099419e+00 0.000000000000000000e+00 5.000000000000000000e+00
9.129129129129129439e+00 0.000000000000000000e+00 5.000000000000000000e+00
9.159159159159159458e+00 0.000000000000000000e+00 5.000000000000000000e+00
9.189189189189189477e+00 0.000000000000000000e+00 5.000000000000000000e+00
9.219219219219219497e+00 0.000000000000000000e+00 5.000000000000000000e+00
9.249249249249249516e+00 0.000000000000000000e+00 5.000000000000000000e+00
9.279279279279279535e+00 0.000000000000000000e+00 5.000000000000000000e+00
9.309309309309309555e+00 0.000000000000000000e+00 5.000000000000000000e+00
9.339339339339339574e+00 0.000000000000000000e+00 5.000000000000000000e+00
9.369369369369369593e+00 0.000000000000000000e+00 5.000000000000000000e+00
9.399399399399399613e+00 0.000000000000000000e+00 5.000000000000000000e+00
9.429429429429429632e+00 0.000000000000000000e+00 5.000000000000000000e+00
9.459459459459459651e+00 0.000000000000000000e+00 5.000000000000000000e+00
9.489489489489489671e+00 0.000000000000000000e+00 5.000000000000000000e+00
9.519519519519519690e+00 0.000000000000000000e+00 5.000000000000000000e+00
9.549549549549549710e+00 0.000000000000000000e+00 5.000000000000000000e+00
9.579579579579579729e+00 0.000000000000000000e+00 5.000000000000000000e+00
9.609609609609609748e+00 0.000000000000000000e+00 5.000000000000000000e+00
9.639639639639639768e+00 0.000000000000000000e+00 5.000000000000000000e+00
9.669669669669669787e+00 0.000000000000000000e+00 5.000000000000000000e+00
9.699699699699699806e+00 0.000000000000000000e+00 5.000000000000000000e+00
9.729729729729729826e+00 0.000000000000000000e+00 5.000000000000000000e+00
9.759759759759759845e+00 0.000000000000000000e+00 5.000000000000000000e+00
9.789789789789789864e+00 0.000000000000000000e+00 5.000000000000000000e+00
9.819819819819819884e+00 0.000000000000000000e+00 5.000000000000000000e+00
9.849849849849849903e+00 0.000000000000000000e+00 5.000000000000000000e+00
9.879879879879879923e+00 0.000000000000000000e+00 5.000000000000000000e+00
9.909909909909909942e+00 0.000000000000000000e+00 5.000000000000000000e+00
9.939939939939939961e+00 0.000000000000000000e+00 5.000000000000000000e+00
9.969969969969969981e+00 0.000000000000000000e+00 5.000000000000000000e+00
1.000000000000000000e+01 0.000000000000000000e+00 5.000000000000000000e+00
1.000000000000000000e+01 0.000000000000000000e+00 5.000000000000000000e+00
1.000000000000000000e+01 0.000000000000000000e+00 4.969999999999999751e+00
1.000000000000000000e+01 0.000000000000000000e+00 4.940000000000000391e+00
1.000000000000000000e+01 0.000000000000000000e+00 4.910000000000000142e+00
1.000000000000000000e+01 0.000000000000000000e+00 4.879999999999999893e+00
1.000000000000000000e+01 0.000000000000000000e+00 4.849999999999999645e+00
1.000000000000000000e+01 0.000000000000000000e+00 4.820000000000000284e+00
1.000000000000000000e+01 0.000000000000000000e+00 4.790000000000000036e+00
1.000000000000000000e+01 0.000000000000000000e+00 4.759999999999999787e+00
1.000000000000000000e+01 0.000000000000000000e+00 4.730000000000000426e+00
1.000000000000000000e+01 0.000000000000000000e+00 4.700000000000000178e+00
1.000000000000000000e+01 0.000000000000000000e+00 4.669999999999999929e+00
1.000000000000000000e+01 0.000000000000000000e+00 4.639999999999999680e+00
1.000000000000000000e+01 0.000000000000000000e+00 4.610000000000000320e+00
1.000000000000000000e+01 0.000000000000000000e+00 4.580000000000000071e+00
1.000000000000000000e+01 0.000000000000000000e+00 4.549999999999999822e+00
1.000000000000000000e+01 0.000000000000000000e+00 4.519999999999999574e+00
1.000000000000000000e+01 0.000000000000000000e+00 4.490000000000000213e+00
1.000000000000000000e+01 0.000000000000000000e+00 4.459999999999999964e+00
1.000000000000000000e+01 0.000000000000000000e+00 4.429999999999999716e+00
1.000000000000000000e+01 0.000000000000000000e+00 4.400000000000000355e+00
1.000000000000000000e+01 0.000000000000000000e+00 4.370000000000000107e+00
1.000000000000000000e+01 0.000000000000000000e+00 4.339999999999999858e+00
1.000000000000000000e+01 0.000000000000000000e+00 4.310000000000000497e+00
1.000000000000000000e+01 0.000000000000000000e+00 4.280000000000000249e+00
1.000000000000000000e+01 0.000000000000000000e+00 4.250000000000000000e+00
1.000000000000000000e+01 0.000000000000000000e+00 4.219999999999999751e+00
1.000000000000000000e+01 0.000000000000000000e+00 4.190000000000000391e+00
1.000000000000000000e+01 0.000000000000000000e+00 4.160000000000000142e+00
1.000000000000000000e+01 0.000000000000000000e+00 4.129999999999999893e+00
1.000000000000000000e+01 0.000000000000000000e+00 4.099999999999999645e+00
1.000000000000000000e+01 0.000000000000000000e+00 4.070000000000000284e+00
1.000000000000000000e+01 0.000000000000000000e+00 4.040000000000000036e+00
1.000000000000000000e+01 0.000000000000000000e+00 4.009999999999999787e+00
1.000000000000000000e+01 0.000000000000000000e+00 3.979999999999999982e+00
1.000000000000000000e+01 0.000000000000000000e+00 3.950000000000000178e+00
1.000000000000000000e+01 0.000000000000000000e+00 3.919999999999999929e+00
1.000000000000000000e+01 0.000000000000000000e+00 3.890000000000000124e+00
1.000000000000000000e+01 0.000000000000000000e+00 3.860000000000000320e+00
1.000000000000000000e+01 0.000000000000000000e+00 3.830000000000000071e+00
1.000000000000000000e+01 0.000000000000000000e+00 3.799999999999999822e+00
1.000000000000000000e+01 0.000000000000000000e+00 3.770000000000000018e+00
1.000000000000000000e+01 0.000000000000000000e+00 3.740000000000000213e+00
1.000000000000000000e+01 0.000000000000000000e+00 3.709999999999999964e+00
1.000000000000000000e+01 0.000000000000000000e+00 3.680000000000000160e+00
1.000000000000000000e+01 0.000000000000000000e+00 3.650000000000000355e+00
1.000000000000000000e+01 0.000000000000000000e+00 3.620000000000000107e+00
1.000000000000000000e+01 0.000000000000000000e+00 3.589999999999999858e+00
1.000000000000000000e+01 0.000000000000000000e+00 3.560000000000000053e+00
1.000000000000000000e+01 0.000000000000000000e+00 3.530000000000000249e+00
1.000000000000000000e+01 0.000000000000000000e+00 3.500000000000000000e+00
1.000000000000000000e+01 0.000000000000000000e+00 3.469999999999999751e+00
1.000000000000000000e+01 0.000000000000000000e+00 3.439999999999999947e+00
1.000000000000000000e+01 0.000000000000000000e+00 3.410000000000000142e+00
1.000000000000000000e+01 0.000000000000000000e+00 3.379999999999999893e+00
1.000000000000000000e+01 0.000000000000000000e+00 3.350000000000000089e+00
1.000000000000000000e+01 0.000000000000000000e+00 3.320000000000000284e+00
1.000000000000000000e+01 0.000000000000000000e+00 3.290000000000000036e+00
1.000000000000000000e+01 0.000000000000000000e+00 3.259999999999999787e+00
1.000000000000000000e+01 0.000000000000000000e+00 3.229999999999999982e+00
1.000000000000000000e+01 0.000000000000000000e+00 3.200000000000000178e+00
1.000000000000000000e+01 0.000000000000000000e+00 3.169999999999999929e+00
1.000000000000000000e+01 0.000000000000000000e+00 3.140000000000000124e+00
1.000000000000000000e+01 0.000000000000000000e+00 3.110000000000000320e+00
1.000000000000000000e+01 0.000000000000000000e+00 3.080000000000000071e+00
1.000000000000000000e+01 0.000000000000000000e+00 3.049999999999999822e+00
1.000000000000000000e+01 0.000000000000000000e+00 3.020000000000000018e+00
1.000000000000000000e+01 0.000000000000000000e+00 2.990000000000000213e+00
1.000000000000000000e+01 0.000000000000000000e+00 2.959999999999999964e+00
1.000000000000000000e+01 0.000000000000000000e+00 2.930000000000000160e+00
1.000000000000000000e+01 0.000000000000000000e+00 2.899999999999999911e+00
1.000000000000000000e+01 0.000000000000000000e+00 2.870000000000000107e+00
1.000000000000000000e+01 0.000000000000000000e+00 2.839999999999999858e+00
1.000000000000000000e+01 0.000000000000000000e+00 2.810000000000000053e+00
1.000000000000000000e+01 0.000000000000000000e+00 2.780000000000000249e+00
1.000000000000000000e+01 0.000000000000000000e+00 2.750000000000000000e+00
1.000000000000000000e+01 0.000000000000000000e+00 2.720000000000000195e+00
1.000000000000000000e+01 0.000000000000000000e+00 2.689999999999999947e+00
1.000000000000000000e+01 0.000000000000000000e+00 2.660000000000000142e+00
1.000000000000000000e+01 0.000000000000000000e+00 2.629999999999999893e+00
1.000000000000000000e+01 0.000000000000000000e+00 2.600000000000000089e+00
1.000000000000000000e+01 0.000000000000000000e+00 2.570000000000000284e+00
1.000000000000000000e+01 0.000000000000000000e+00 2.540000000000000036e+00
1.000000000000000000e+01 0.000000000000000000e+00 2.510000000000000231e+00
1.000000000000000000e+01 0.000000000000000000e+00 2.479999999999999982e+00
1.000000000000000000e+01 0.000000000000000000e+00 2.450000000000000178e+00
1.000000000000000000e+01 0.000000000000000000e+00 2.419999999999999929e+00
1.000000000000000000e+01 0.000000000000000000e+00 2.390000000000000124e+00
1.000000000000000000e+01 0.000000000000000000e+00 2.360000000000000320e+00
1.000000000000000000e+01 0.000000000000000000e+00 2.330000000000000071e+00
1.000000000000000000e+01 0.000000000000000000e+00 2.300000000000000266e+00
1.000000000000000000e+01 0.000000000000000000e+00 2.270000000000000018e+00
1.000000000000000000e+01 0.000000000000000000e+00 2.240000000000000213e+00
1.000000000000000000e+01 0.000000000000000000e+00 2.209999999999999964e+00
1.000000000000000000e+01 0.000000000000000000e+00 2.180000000000000160e+00
1.000000000000000000e+01 0.000000000000000000e+00 2.149999999999999911e+00
1.000000000000000000e+01 0.000000000000000000e+00 2.120000000000000107e+00
1.000000000000000000e+01 0.000000000000000000e+00 2.090000000000000302e+00
1.000000000000000000e+01 0.000000000000000000e+00 2.060000000000000053e+00
1.000000000000000000e+01 0.000000000000000000e+00 2.030000000000000249e+00
1.000000000000000000e+01 0.000000000000000000e+00 2.000000000000000000e+00
