-4.500000000000337064e-05 -2.395525350000010656e-03 3.085518796992481327e-02
1.019999999999993134e-03 -2.175525350000012681e-03 -5.866981203007526346e-02
1.504499999999999935e-02 -1.704052534999998814e-02 3.120518796992488575e-02
1.401000000000000162e-02 2.649447465000000224e-02 4.580518796992505415e-02
-3.699999999999953326e-04 -2.505525349999981888e-03 2.985018796992466861e-02
-1.427000000000000490e-02 -2.735525350000003741e-03 -1.370981203007470839e-02
1.472500000000000198e-02 -2.120525349999999309e-03 -2.926981203007561483e-02
1.199999999999951106e-04 -2.705525349999987617e-03 5.990518796992505557e-02
2.870999999999999941e-02 -1.693052535000000303e-02 6.015518796992447292e-02
-1.600000000000004197e-04 -2.580525350000001383e-03 4.461018796992499702e-02
-1.210000000000002740e-03 -2.915525349999975591e-03 1.515018796992473327e-02
5.834500000000000103e-02 -3.530525350000035534e-03 -8.398120300752154321e-04
3.002500000000002389e-02 -2.715525349999997617e-03 1.029701879699249645e-01
0.000000000000000000e+00 -1.742552535000002623e-02 5.952518796992478656e-02
-4.350000000000001088e-02 -2.095525350000015941e-03 4.456018796992466946e-02
-7.317500000000000393e-02 1.229947464999997520e-02 -1.369481204507483341e-02
-1.546999999999998376e-02 1.176947465000002802e-02 1.509018796992389611e-02
-1.799999999999996048e-04 -2.535525350000011890e-03 1.188001879699247532e-01
1.030000000000058646e-04 -1.670552535000001393e-02 3.047018796992517764e-02
3.699999999999536993e-05 0.000000000000000000e+00 1.475101879699254326e-01
-4.500000000000337064e-05 -2.395525350000010656e-03 3.085518796992392510e-02
1.019999999999993134e-03 -2.175525350000012681e-03 -5.866981203007526346e-02
4.507503003003003605e-02 -1.704052534999998814e-02 1.130000000000741522e-03
4.404003003002998629e-02 2.649447465000000224e-02 1.572999999999957765e-02
2.966003003002998240e-02 -2.505525349999981888e-03 -2.249999999994756195e-04
1.576003003003001446e-02 -2.735525350000003741e-03 -4.378500000000062897e-02
4.475503003003000746e-02 -2.120525349999999309e-03 -5.934499999999953701e-02
3.015003003003013937e-02 -2.705525349999987617e-03 2.982999999999957907e-02
5.874003003003003265e-02 -1.693052535000000303e-02 3.007999999999988461e-02
2.987003003003008139e-02 -2.580525350000001383e-03 1.453499999999952053e-02
2.882003003003008601e-02 -2.915525349999975591e-03 -1.492499999999985505e-02
8.837503003003011059e-02 -3.530525350000035534e-03 -3.091499999999935966e-02
6.005503003003020979e-02 -2.715525349999997617e-03 7.289499999999993207e-02
3.003003003003001936e-02 -1.742552535000002623e-02 2.944999999999975415e-02
-1.346996996996985274e-02 -2.095525350000015941e-03 1.448500000000052523e-02
-4.314496996996997069e-02 1.229947464999997520e-02 -4.377000001500075399e-02
1.456003003003036866e-02 1.176947465000002802e-02 -1.498500000000024812e-02
2.985003003003017241e-02 -2.535525350000011890e-03 8.872500000000016485e-02
3.013303003002976155e-02 -1.670552535000001393e-02 3.950000000001452349e-04
3.006703003002986208e-02 0.000000000000000000e+00 1.174350000000004002e-01
2.998503003002994660e-02 -2.395525350000010656e-03 7.799999999997808686e-04
3.105003003003004025e-02 -2.175525350000012681e-03 -8.874500000000029587e-02
4.507503003003021647e-02 -1.704052534999998814e-02 1.130000000000741522e-03
4.404003003002987526e-02 2.649447465000000224e-02 1.572999999999957765e-02
2.966003003003070404e-02 -2.505525349999981888e-03 -2.249999999994756195e-04
1.576003003003023650e-02 -2.735525350000003741e-03 -4.378500000000062897e-02
4.475503003003034053e-02 -2.120525349999999309e-03 -5.934499999999953701e-02
3.015003003002991733e-02 -2.705525349999987617e-03 2.982999999999957907e-02
5.874003003003025469e-02 -1.693052535000000303e-02 3.007999999999988461e-02
2.987003003002985935e-02 -2.580525350000001383e-03 1.453499999999952053e-02
2.882003003003053010e-02 -2.915525349999975591e-03 -1.492499999999985505e-02
8.837503003002922242e-02 -3.530525350000035534e-03 -3.091499999999935966e-02
6.005503003003020979e-02 -2.715525349999997617e-03 7.289499999999993207e-02
3.003003003003001936e-02 -1.742552535000002623e-02 2.944999999999975415e-02
-1.346996996996985274e-02 -2.095525350000015941e-03 1.448500000000052523e-02
-4.314496996996997069e-02 1.229947464999997520e-02 -4.377000001500075399e-02
1.456003003002948049e-02 1.176947465000002802e-02 -1.498500000000024812e-02
2.985003003003150468e-02 -2.535525350000011890e-03 8.872500000000016485e-02
3.013303003003020564e-02 -1.670552535000001393e-02 3.950000000001452349e-04
3.006703003002986208e-02 0.000000000000000000e+00 1.174350000000004002e-01
2.998503003002994660e-02 -2.395525350000010656e-03 7.799999999997808686e-04
3.105003003002959616e-02 -2.175525350000012681e-03 -8.874500000000029587e-02
4.507503003003066055e-02 -1.704052534999998814e-02 1.130000000000741522e-03
4.404003003002987526e-02 2.649447465000000224e-02 1.572999999999957765e-02
2.966003003003070404e-02 -2.505525349999981888e-03 -2.249999999994756195e-04
1.576003003003023650e-02 -2.735525350000003741e-03 -4.378500000000062897e-02
4.475503003003034053e-02 -2.120525349999999309e-03 -5.934499999999953701e-02
3.015003003003080551e-02 -2.705525349999987617e-03 2.982999999999957907e-02
5.874003003003025469e-02 -1.693052535000000303e-02 3.007999999999988461e-02
2.987003003003074753e-02 -2.580525350000001383e-03 1.453499999999952053e-02
2.882003003002964192e-02 -2.915525349999975591e-03 -1.492499999999985505e-02
8.837503003002922242e-02 -3.530525350000035534e-03 -3.091499999999935966e-02
6.005503003003020979e-02 -2.715525349999997617e-03 7.289499999999993207e-02
3.003003003003001936e-02 -1.742552535000002623e-02 2.944999999999975415e-02
-1.346996996996985274e-02 -2.095525350000015941e-03 1.448500000000052523e-02
-4.314496996996908251e-02 1.229947464999997520e-02 -4.377000001500075399e-02
1.456003003003125684e-02 1.176947465000002802e-02 -1.498500000000024812e-02
-1.800000000002910383e-04 -2.535525350000011890e-03 8.872500000000016485e-02
1.029999999992980975e-04 -1.670552535000001393e-02 -2.960499999999921528e-02
3.700000000073089268e-05 0.000000000000000000e+00 8.743500000000015149e-02
-4.499999999829640274e-05 -2.395525350000010656e-03 -2.922000000000046782e-02
1.020000000000464979e-03 -2.175525350000012681e-03 -1.187450000000005446e-01
1.504499999999886484e-02 -1.704052534999998814e-02 -2.886999999999950717e-02
1.401000000000074408e-02 2.649447465000000224e-02 -1.427000000000067104e-02
-3.700000000002034994e-04 -2.505525349999981888e-03 -3.022499999999972431e-02
-1.426999999999978286e-02 -2.735525350000003741e-03 -7.378499999999954539e-02
1.472500000000032117e-02 -2.120525349999999309e-03 -8.934500000000022979e-02
1.200000000007861445e-04 -2.705525349999987617e-03 -1.699999999997814371e-04
2.871000000000023533e-02 -1.693052535000000303e-02 8.000000000008000711e-05
-1.599999999992718358e-04 -2.580525350000001383e-03 -1.546500000000028407e-02
-1.210000000000377440e-03 -2.915525349999975591e-03 -4.492499999999965965e-02
5.834499999999920306e-02 -3.530525350000035534e-03 -6.091500000000049653e-02
3.002500000000019043e-02 -2.715525349999997617e-03 4.289500000000034952e-02
0.000000000000000000e+00 -1.742552535000002623e-02 -5.500000000000504485e-04
