1.438500001000000278e-02 2.550000000000052225e-04 3.003018796992473760e-02
6.000000000000449418e-05 3.049999999999997158e-04 1.568518796992490749e-02
-5.000000000000004441e-04 -3.000000000000224709e-05 3.015018796992485761e-02
-2.904500000000001525e-02 -5.099999999999826894e-04 3.040018796992471906e-02
-1.481999999999999984e-02 -1.034999999999994258e-03 2.993518796992478137e-02
1.436499999999996113e-02 -1.519000000500000253e-02 1.602018796992510374e-02
3.500000000000169642e-04 -4.450000000000009504e-04 3.024018796992455904e-02
4.999999999999449329e-05 1.389999999999999916e-02 3.014518796992504690e-02
1.500000000001500133e-05 1.369999999999999690e-02 3.028518796992463180e-02
3.749999999999864553e-04 1.549999999999988887e-04 3.011018796992503965e-02
3.500000000000030864e-04 -2.800000000000024691e-04 3.038518796992484283e-02
-1.299999999999912337e-04 -4.249999999999948264e-04 1.560018796992501677e-02
-4.699999999999843192e-04 -2.938999999999999946e-02 4.467518796992475671e-02
1.387499999999999845e-02 -4.850000000000131983e-04 3.004018796992502516e-02
4.402000000999999746e-02 -1.050000000000217426e-04 3.004518796992439178e-02
1.489999999999999658e-02 1.549999999999607248e-04 2.964518796992487992e-02
4.425000000000001155e-02 4.300000000000137046e-04 2.960018796992436307e-02
2.499999999999724665e-04 1.446000000000000063e-02 2.985518796992447932e-02
1.999999999999779732e-04 2.914500000000000424e-02 4.442018796992552865e-02
-1.405000000000000693e-02 1.381000000000000109e-02 1.536518796992503155e-02
-1.509999999999997455e-02 -1.050000000000000586e-04 3.000018796992431902e-02
-5.844999998999999419e-02 -8.099999999999982214e-04 3.029518796992469731e-02
1.571003003003001997e-02 -3.400000000000069633e-04 -1.447500000000001563e-02
3.003003003002999161e-02 2.150000000000068523e-04 -1.392499999999952109e-02
3.003003003003001936e-02 1.446999999500000328e-02 -1.499999999996504130e-04
3.003003003003001936e-02 2.867500000000000257e-02 1.799999999994028599e-04
3.003003003003001936e-02 2.894000000000000739e-02 0.000000000000000000e+00
3.003003003003013038e-02 4.550000000000109512e-04 0.000000000000000000e+00
3.003003003003001936e-02 -1.049999999999939870e-04 0.000000000000000000e+00
-9.142358869969946511e-03 -4.422000000000000930e-02 -1.612797222000050823e-02
4.441503004003011235e-02 2.550000000000052225e-04 -4.500000000007275958e-05
3.009003003003019039e-02 3.049999999999997158e-04 -1.438999999999968082e-02
2.953003003002985238e-02 -3.000000000000224709e-05 7.500000000071338491e-05
9.850300300298098222e-04 -5.099999999999826894e-04 3.250000000001307399e-04
1.521003003003018605e-02 -1.034999999999994258e-03 -1.400000000000289901e-04
4.439503003002975845e-02 -1.519000000500000253e-02 -1.405499999999992866e-02
3.038003003002964775e-02 -4.450000000000009504e-04 1.649999999999707256e-04
3.008003003002990283e-02 1.389999999999999916e-02 7.000000000001449507e-05
3.004503003002989558e-02 1.369999999999999690e-02 2.100000000000434852e-04
3.040503003003003357e-02 1.549999999999988887e-04 3.499999999956315833e-05
3.038003003003009184e-02 -2.800000000000024691e-04 3.099999999998104272e-04
2.990003003003005588e-02 -4.249999999999948264e-04 -1.447500000000001563e-02
2.956003003003004892e-02 -2.938999999999999946e-02 1.459999999999972431e-02
4.390503003003010107e-02 -4.850000000000131983e-04 -3.500000000045133675e-05
7.405003004003019029e-02 -1.050000000000217426e-04 -2.999999999975244691e-05
4.493003003002993268e-02 1.549999999999607248e-04 -4.299999999997083933e-04
7.428003003002991989e-02 4.300000000000137046e-04 -4.749999999997811528e-04
3.028003003002943672e-02 1.446000000000000063e-02 -2.200000000005530865e-04
3.023003003003044142e-02 2.914500000000000424e-02 1.434500000000049624e-02
1.598003003002990141e-02 1.381000000000000109e-02 -1.471000000000000085e-02
1.493003003002968399e-02 -1.050000000000000586e-04 -7.499999999982520649e-05
-2.841996995996964870e-02 -8.099999999999982214e-04 2.199999999996649080e-04
1.571003003002946485e-02 -3.400000000000069633e-04 -1.447500000000001563e-02
3.003003003003001936e-02 2.150000000000068523e-04 -1.392499999999952109e-02
3.003003003003001936e-02 1.446999999500000328e-02 -1.499999999996504130e-04
3.003003003003001936e-02 2.867500000000000257e-02 1.799999999994028599e-04
3.003003003003001936e-02 2.894000000000000739e-02 0.000000000000000000e+00
3.003003003003090754e-02 4.550000000000109512e-04 0.000000000000000000e+00
3.003003003003001936e-02 -1.049999999999939870e-04 0.000000000000000000e+00
-9.142358869969946511e-03 -4.422000000000000930e-02 -1.612797222000050823e-02
4.441503004003077848e-02 2.550000000000052225e-04 -4.500000000007275958e-05
3.009003003002952426e-02 3.049999999999997158e-04 -1.438999999999968082e-02
2.953003003003029647e-02 -3.000000000000224709e-05 7.500000000071338491e-05
9.850300300300318668e-04 -5.099999999999826894e-04 3.250000000001307399e-04
1.521003003002974197e-02 -1.034999999999994258e-03 -1.400000000000289901e-04
4.439503003002975845e-02 -1.519000000500000253e-02 -1.405499999999992866e-02
3.038003003003009184e-02 -4.450000000000009504e-04 1.649999999999707256e-04
3.008003003002990283e-02 1.389999999999999916e-02 7.000000000001449507e-05
3.004503003002945150e-02 1.369999999999999690e-02 2.100000000000434852e-04
3.040503003003003357e-02 1.549999999999988887e-04 3.499999999956315833e-05
3.038003003003098001e-02 -2.800000000000024691e-04 3.099999999998104272e-04
2.990003003002961179e-02 -4.249999999999948264e-04 -1.447500000000001563e-02
2.956003003003004892e-02 -2.938999999999999946e-02 1.459999999999972431e-02
4.390503003003054516e-02 -4.850000000000131983e-04 -3.500000000045133675e-05
7.405003004003063438e-02 -1.050000000000217426e-04 -2.999999999975244691e-05
4.493003003003082085e-02 1.549999999999607248e-04 -4.299999999997083933e-04
7.428003003002991989e-02 4.300000000000137046e-04 -4.749999999997811528e-04
2.499999999994173550e-04 1.446000000000000063e-02 -2.200000000005530865e-04
2.000000000013102408e-04 2.914500000000000424e-02 -1.565499999999886427e-02
-1.404999999999922977e-02 1.381000000000000109e-02 -4.471000000000024954e-02
-1.510000000000033538e-02 -1.050000000000000586e-04 -3.007500000000007390e-02
-5.844999998999966806e-02 -8.099999999999982214e-04 -2.978000000000058378e-02
-1.431999999999966633e-02 -3.400000000000069633e-04 -4.447500000000026432e-02
0.000000000000000000e+00 2.150000000000068523e-04 -4.392500000000021387e-02
0.000000000000000000e+00 1.446999999500000328e-02 -3.014999999999989910e-02
0.000000000000000000e+00 2.867500000000000257e-02 -2.981999999999995765e-02
0.000000000000000000e+00 2.894000000000000739e-02 -3.000000000000024869e-02
0.000000000000000000e+00 4.550000000000109512e-04 -2.999999999999980460e-02
0.000000000000000000e+00 -1.049999999999939870e-04 -2.999999999999980460e-02
-3.917238890000085405e-02 -4.422000000000000930e-02 -4.612797222000031283e-02
1.438500000999987094e-02 2.550000000000052225e-04 -3.004499999999987736e-02
6.000000000128125066e-05 3.049999999999997158e-04 -4.438999999999992951e-02
-4.999999999988347099e-04 -3.000000000000224709e-05 -2.992499999999997939e-02
-2.904499999999998749e-02 -5.099999999999826894e-04 -2.967499999999967386e-02
