3.999999999999837019e-05 2.600000000000032840e-04 4.371518796992490685e-02
-7.000000000001449507e-05 -2.300000000000045064e-04 3.005518796992467934e-02
-2.883999999999999758e-02 -2.549999999999982836e-04 2.987518796992483239e-02
-5.878499997999999532e-02 -1.474999999999999922e-02 4.453518796992494977e-02
-1.464999999999999636e-02 -1.418999999999999428e-02 5.929518796992461205e-02
2.943999999999999395e-02 1.478999999999999759e-02 3.121018796992469646e-02
4.378999999999999559e-02 5.100000000000035061e-04 3.015018796992485761e-02
2.875000000000000819e-02 1.455499999999999849e-02 1.360187984924987603e-03
6.200000000000233102e-04 1.100000000000128653e-04 2.965018796992469063e-02
1.482499999999997708e-02 -8.150000000000101608e-04 1.551518796992512605e-02
2.250000000000307310e-04 -1.439499999999999461e-02 4.441518796992438567e-02
-1.447000000000001063e-02 -5.750000000000199396e-04 3.001518796992463933e-02
-2.901499999999999913e-02 -1.469999999999999085e-02 3.019018796992467557e-02
-1.523500000000001242e-02 -1.300000000000189893e-04 3.007518796992503241e-02
-4.750000000000031974e-04 7.699999999999929123e-04 3.013018796992472659e-02
5.832999999999996521e-02 1.404000000000002468e-02 3.007018796992522169e-02
1.515999999999999986e-02 1.498500000000000006e-02 5.890518798492383468e-02
2.929000000000001047e-02 2.841999999999997306e-02 5.922518795492504040e-02
2.349999999999990985e-04 1.504999999999995230e-02 4.416018796992560169e-02
1.150000000000039879e-04 9.999999999998898659e-05 2.914018796992490223e-02
1.150000000000039879e-04 -1.490000000000002434e-02 1.494518796992405640e-02
3.150000000000097167e-04 -2.929999999999999272e-02 1.205187969925525238e-03
2.517824433003007512e-02 -5.788999999999998314e-02 4.430500000000048288e-02
2.517824433003001960e-02 -2.941500000000000017e-02 1.521499999999953445e-02
2.517824428003001547e-02 -4.384500000000000203e-02 4.372500000000023590e-02
2.517824433003001960e-02 -1.849999999999907274e-04 -2.916000000000007475e-02
2.517824433003001960e-02 4.422999999999999154e-02 0.000000000000000000e+00
3.001003003003011038e-02 7.499999999999867883e-05 7.999999999963591790e-05
2.986003003003001588e-02 7.000000000000408673e-05 5.499999999969418241e-05
2.966503003002984862e-02 -1.400000000000012346e-04 3.299999999999414513e-04
1.551503003002996373e-02 -2.000000000000057288e-04 9.500000000084440899e-05
1.558003003002994546e-02 1.438000000000000389e-02 2.100000000000434852e-04
3.011003003003009937e-02 -2.899999999999985922e-04 6.049999999993005417e-04
3.081003003003024432e-02 1.699999999999965428e-04 2.917499999999950688e-02
4.434503003002987498e-02 1.451499999999999665e-02 -1.481000000000065597e-02
4.455503003002991846e-02 2.549999999999913447e-04 -5.750000000004362732e-04
2.987503003002967006e-02 -1.353499999999999148e-02 -1.441499999999962256e-02
4.383503003003008658e-02 -2.902500000000000219e-02 1.439499999999949154e-02
3.003003003003001936e-02 -1.504500000000000282e-02 -1.400000000000289901e-04
1.533003003003008402e-02 -1.442500000000002114e-02 3.500000000000724754e-04
1.496003003002988052e-02 -1.388999999999995794e-02 -1.100000000002765432e-04
-1.331996996997020233e-02 -1.200000000000089884e-04 -2.599999999999269562e-04
1.638503003003011216e-02 2.961500000000003019e-02 -3.700000000002034994e-04
4.498003003003026024e-02 5.851999999999998869e-02 -1.470000000000037943e-02
5.954503003002997730e-02 1.464499999999999136e-02 1.442999999999994287e-02
2.977003003002920423e-02 2.879999999999999227e-02 1.404500000000030724e-02
3.015003003002991733e-02 4.369999999999996110e-02 -1.800000000002910383e-04
4.469503003002994745e-02 0.000000000000000000e+00 -2.924500000000040956e-02
4.473503003003020950e-02 -1.404999999999995142e-02 -5.871000000000048402e-02
4.371503003002974452e-02 -1.454500000000000237e-02 1.421500000000008868e-02
2.517824433002946449e-02 -8.799999999999918998e-04 2.923499999999989996e-02
2.517824433002946449e-02 -3.950000000000029876e-04 7.749999999999701572e-04
2.517824428003034853e-02 -6.599999999999939249e-04 5.499999999969418241e-05
2.517824433003035267e-02 1.416999999999998816e-02 -1.036351515150002456e-01
2.930754738002949722e-02 -1.356999999999999873e-02 -1.397984850000000279e-02
3.007003003002939323e-02 2.600000000000032840e-04 1.363999999999965240e-02
2.996003003003000487e-02 -2.300000000000045064e-04 -1.999999999924284566e-05
1.190030030031152819e-03 -2.549999999999982836e-04 -2.000000000004220624e-04
-2.875496994997028821e-02 -1.474999999999999922e-02 1.445999999999969532e-02
1.538003003002952340e-02 -1.418999999999999428e-02 2.922000000000046782e-02
5.947003003002926391e-02 1.478999999999999759e-02 1.135000000000552234e-03
7.382003003002957087e-02 5.100000000000035061e-04 7.499999999982520649e-05
5.878003003002962856e-02 1.455499999999999849e-02 -2.871499998500048889e-02
3.065003003002964022e-02 1.100000000000128653e-04 -4.250000000007858603e-04
4.485503003003010747e-02 -8.150000000000101608e-04 -1.456000000000035044e-02
3.025503003003038316e-02 -1.439499999999999461e-02 1.433999999999979735e-02
1.556003003002892626e-02 -5.750000000000199396e-04 -5.999999999950489382e-05
1.015030030028896135e-03 -1.469999999999999085e-02 1.150000000000872546e-04
1.479503003003124206e-02 -1.300000000000189893e-04 0.000000000000000000e+00
2.955503003003023821e-02 7.699999999999929123e-04 5.500000000058236083e-05
8.836003003003156664e-02 1.404000000000002468e-02 -4.999999999810711415e-06
4.519003003003163599e-02 1.498500000000000006e-02 2.883000001499969045e-02
5.932003003002961350e-02 2.841999999999997306e-02 2.914999998500000800e-02
3.026503003003000458e-02 1.504999999999995230e-02 1.408500000000056929e-02
3.014503003002921844e-02 9.999999999998898659e-05 -9.350000000001301714e-04
3.014503003002921844e-02 -1.490000000000002434e-02 -1.513000000000008782e-02
3.034503003003052868e-02 -2.929999999999999272e-02 -2.886999999999950717e-02
-4.851785699999666690e-03 -5.788999999999998314e-02 4.430500000000048288e-02
-4.851785699999666690e-03 -2.941500000000000017e-02 -1.478499999999982606e-02
-4.851785750000559005e-03 -4.384500000000000203e-02 1.372499999999998721e-02
-4.851785700001443047e-03 -1.849999999999907274e-04 -5.916000000000032344e-02
-4.851785699999666690e-03 4.422999999999999154e-02 -3.000000000000024869e-02
-2.000000000101920250e-05 7.499999999999867883e-05 -2.992000000000061277e-02
-1.699999999988932586e-04 7.000000000000408673e-05 -2.994500000000011042e-02
-3.650000000003927880e-04 -1.400000000000012346e-04 -2.966999999999986315e-02
-1.451499999999938950e-02 -2.000000000000057288e-04 -2.990499999999984837e-02
-1.445000000000007390e-02 1.438000000000000389e-02 -2.979000000000020520e-02
7.999999999874773948e-05 -2.899999999999985922e-04 -2.939499999999961588e-02
7.799999999988926902e-04 1.699999999999965428e-04 -8.249999999998536282e-04
1.431499999999985562e-02 1.451499999999999665e-02 -4.481000000000001648e-02
1.452500000000078728e-02 2.549999999999913447e-04 -3.057499999999979678e-02
-1.549999999994611244e-04 -1.353499999999999148e-02 -4.441500000000031534e-02
1.380499999999962313e-02 -2.902500000000000219e-02 -1.560499999999986898e-02
0.000000000000000000e+00 -1.504500000000000282e-02 -3.013999999999983359e-02
