1.041293030499999966e-01 -4.351087878999999881e-02 9.125201514999999874e-01
1.042043030500000023e-01 -3.007087879000000172e-02 9.424403394699247816e-01
1.042393030500000095e-01 -3.003587879000000141e-02 9.725505274398495992e-01
1.042193030500000034e-01 -2.996087879000000273e-02 1.002705715409774490e+00
1.044443030499999925e-01 -2.993087879000000048e-02 1.032825903379699151e+00
1.179093030499999972e-01 -2.996087879000000273e-02 1.063116091349624037e+00
1.179493030499999956e-01 -2.970087878999999945e-02 1.106831279319548944e+00
1.180693030500000046e-01 -2.948587879000000300e-02 1.136996467289473678e+00
1.181643030500000163e-01 -2.943087879000000351e-02 1.167071655259398488e+00
1.179943030499999990e-01 -2.936087878999999942e-02 1.197201843229323215e+00
1.178593030500000166e-01 -2.936087878999999942e-02 1.227237031199248207e+00
1.043843030500000157e-01 -2.942087878999999698e-02 1.243612219169172972e+00
1.043143030500000012e-01 -2.965087879000000148e-02 1.273667407139097651e+00
1.038543030499999992e-01 -2.970087878999999945e-02 1.317367595109022460e+00
1.034493030499999966e-01 -2.983587878999999915e-02 1.347702783078947419e+00
1.030843030500000063e-01 -2.997587879000000038e-02 1.378107971048872171e+00
8.920430305000000282e-02 -3.014087878999999887e-02 1.408308159018796912e+00
8.867930305000000513e-02 -4.380587879000000240e-02 1.438568346988721824e+00
5.983930305000000754e-02 -4.406087879000000068e-02 1.468443534958646657e+00
3.005430302999999997e-02 -4.428587879000000366e-02 1.498438722928571387e+00
1.124303029999999988e-03 -4.464587878999999593e-02 1.528178910898496223e+00
-1.339069697000000100e-02 -4.484587879000000166e-02 1.558349098868420990e+00
-1.461569697000000140e-02 -5.873087879999999705e-02 1.588469286838345873e+00
-4.344569696999999592e-02 -5.886587880000000716e-02 1.618829474808270552e+00
-1.022306969499999912e-01 -7.361587880000000639e-02 1.663364662778195502e+00
-1.170956969500000083e-01 -7.387587880000000273e-02 1.693454850748120188e+00
-1.317506969499999958e-01 -8.821087880000000325e-02 1.737965038733044976e+00
-1.462006969500000142e-01 -7.383087879999999936e-02 1.768250226702969830e+00
-1.613056969499999938e-01 -8.831087880000000612e-02 1.798285414672894600e+00
-1.907156969500000132e-01 -8.866087880000000920e-02 1.842965602642819611e+00
-2.053656969500000096e-01 -1.028508788000000035e-01 1.902260790612744223e+00
-2.054406969500000013e-01 -1.174908787999999898e-01 1.932705978582669015e+00
-2.054406969500000013e-01 -1.029308788000000002e-01 1.976771166552593995e+00
-2.053606969499999768e-01 -1.032208787999999988e-01 2.007451354522518550e+00
-2.049056969500000214e-01 -8.858587880000000359e-02 2.038001542492443363e+00
-1.760606969499999841e-01 -8.819587880000000213e-02 2.082026730462368302e+00
-1.466206969499999901e-01 -7.340587880000000454e-02 2.113236918432292999e+00
-1.324606969499999842e-01 -7.373587880000000150e-02 2.157637106402218397e+00
-1.320106969500000060e-01 -5.895587880000000003e-02 2.216662294357142571e+00
-1.312306969500000031e-01 -5.878587880000000349e-02 2.275912482327067554e+00
-1.166156969500000140e-01 -4.459087879000000337e-02 2.306412670296992484e+00
-1.017506969499999969e-01 -4.412587879000000324e-02 2.350747858266917234e+00
-5.796069695000000133e-02 -4.361587878999999973e-02 2.380898046236842092e+00
-2.877569697000000384e-02 -2.982587878999999956e-02 2.410963234206766614e+00
-1.375069697000000021e-02 -2.929087878999999880e-02 2.441078422176691465e+00
5.643030300000000370e-04 -1.477587879000000215e-02 2.456343610146616729e+00
1.389303030000000033e-03 2.991212099999999855e-04 2.486368798116541434e+00
1.592430302999999978e-02 5.828912120000000197e-02 2.472703986086465910e+00
4.467430303000000796e-02 7.284412120000000046e-02 2.474064174071390898e+00
7.435430305000000073e-02 7.324912120000000304e-02 2.503439362041315785e+00
8.900930304999998821e-02 7.361912120000001225e-02 2.519344550011240358e+00
1.035343030499999983e-01 7.387412120000000360e-02 2.548844737981164954e+00
1.033743030500000049e-01 8.765412120000000418e-02 2.578234925951090162e+00
1.181243030499999902e-01 8.776412120000000316e-02 2.594225113921015069e+00
1.187443030500000135e-01 8.787412120000001603e-02 2.623875301890939760e+00
1.330243030499999868e-01 8.782912120000001266e-02 2.653880489860864333e+00
1.479893030500000206e-01 8.756412119999999744e-02 2.683965677830789431e+00
1.478343030500000044e-01 7.402912120000000595e-02 2.699625865800714397e+00
1.627343030500000287e-01 7.383412120000000523e-02 2.715426053770638948e+00
1.772343030500000138e-01 7.351412120000000439e-02 2.745286241740563682e+00
1.920593030499999909e-01 7.269912119999999423e-02 2.760801429710488808e+00
2.063693030500000081e-01 5.844912120000000239e-02 2.805196617680413507e+00
2.070093030500000097e-01 2.916912121000000274e-02 2.835441805650338321e+00
2.208143030500000215e-01 1.441212100000000126e-04 2.879911993620262844e+00
2.214843030500000254e-01 -1.454087879000000132e-02 2.895872181590187999e+00
2.216443030499999911e-01 -2.949587879000000259e-02 2.954632369560112881e+00
2.218693030500000218e-01 -4.389087878999999720e-02 2.999047557530037267e+00
2.219093030499999786e-01 -5.867587880000000450e-02 3.029747745499962175e+00
2.219943030500000081e-01 -7.355087879999999689e-02 3.060347933469887316e+00
2.219943030500000081e-01 -8.859587879999999971e-02 3.090283121439812319e+00
2.216743030499999934e-01 -1.179758788000000030e-01 3.120598309409736704e+00
2.211343030500000084e-01 -1.464608787999999995e-01 3.164638497379661519e+00
2.066643030499999978e-01 -1.470358788000000194e-01 3.194653685349586159e+00
1.628243030499999799e-01 -1.616008787999999863e-01 3.225123873319511336e+00
1.337893030500000024e-01 -1.624558787999999809e-01 3.255509061289436179e+00
1.190893030499999977e-01 -1.768808788000000021e-01 3.285934249259360396e+00
1.043443030499999896e-01 -2.058058788000000083e-01 3.329904437229285641e+00
1.030343030499999979e-01 -2.355458787999999970e-01 3.359909625199210659e+00
7.401930304999999877e-02 -2.502458787999999879e-01 3.390099813169135334e+00
3.025430302999999876e-02 -2.645858788000000072e-01 3.420100001139059653e+00
3.043030300000000056e-04 -2.652508788000000339e-01 3.436520189108984713e+00
-1.476569697000000049e-02 -2.791408787999999919e-01 3.466485377078909913e+00
-7.288569694999999515e-02 -2.793708787999999998e-01 3.496570565048834567e+00
-1.164456969499999966e-01 -2.797108788000000068e-01 3.526375753018759163e+00
-1.316806969500000091e-01 -2.798408788000000258e-01 3.556450940988684195e+00
-1.466506969499999924e-01 -2.799908788000000093e-01 3.586611128958609118e+00
-1.905506969500000147e-01 -2.798658787999999675e-01 3.616486316928533729e+00
-2.339006969500000144e-01 -2.799858787999999765e-01 3.646301504898458390e+00
-2.339206969500000066e-01 -2.793408788000000254e-01 3.676191692868383321e+00
-2.341806969499999891e-01 -2.653408788000000129e-01 3.705996880838308360e+00
-2.346556969499999923e-01 -2.645708788000000200e-01 3.736127068808233087e+00
-2.488306969500000132e-01 -2.641508788000000441e-01 3.752477256778157688e+00
-2.351506969500000155e-01 -2.355608788000000120e-01 3.782452444748082510e+00
-2.487956969500000060e-01 -2.059458787999999818e-01 3.812157632718007783e+00
-2.346606969500000250e-01 -1.768958788000000171e-01 3.841352820687932379e+00
-2.198056969499999902e-01 -1.618208788000000120e-01 3.828023008657856607e+00
-1.614756969500000250e-01 -1.477808787999999873e-01 3.858093196627781829e+00
-1.461656969500000069e-01 -1.464658788000000045e-01 3.858808384582706807e+00
-1.315056969500000006e-01 -1.175208787999999921e-01 3.888578572552631396e+00
-1.165556969500000095e-01 -5.900087880000000340e-02 3.903953760522556049e+00
-1.018456969500000087e-01 -4.443587879000000102e-02 3.948698948492480820e+00
-2.850569697000000097e-02 -2.955587879000000015e-02 3.964844136462406077e+00
-1.334569697000000110e-02 -1.457087879000000009e-02 4.023749324447329911e+00
1.054303030000000021e-03 4.390412121000000084e-02 4.097829512417255238e+00
1.566930302999999802e-02 7.328912120000000141e-02 4.142424700387180359e+00
4.518430302999999759e-02 8.793412119999999277e-02 4.186929888357105334e+00
5.970430304999999743e-02 1.177841212000000082e-01 4.218195076327030613e+00
7.414430304999999888e-02 1.620591212000000170e-01 4.263015264296954321e+00
1.034343030500000093e-01 1.904791211999999900e-01 4.322240452251879361e+00
1.033743030500000049e-01 2.054441211999999961e-01 4.381650640221804949e+00
8.925930305000000231e-02 2.067441211999999917e-01 4.426500828191728409e+00
8.899930305000000597e-02 2.355441211999999840e-01 4.470621016161653749e+00
7.415430305000000888e-02 2.792441212000000283e-01 4.501241204131578577e+00
3.014430303000000325e-02 2.943441212000000307e-01 4.531436392101503507e+00
3.037930303000000234e-02 3.093941211999999830e-01 4.575596580071429109e+00
3.052430303000000164e-02 3.239441211999999903e-01 4.605686768041352686e+00
4.500430302999999799e-02 3.385441211999999922e-01 4.635756956011277907e+00
4.512430303000000698e-02 3.822441211999999533e-01 4.665652143981202649e+00
4.507930303000000360e-02 3.971441211999999776e-01 4.682267331951127431e+00
8.875430304999999687e-02 4.115441212000000570e-01 4.711902519921052246e+00
8.886930305000000085e-02 4.116441212000000460e-01 4.741042707890977148e+00
7.456930305000000758e-02 4.114941212000000070e-01 4.727607895860902687e+00
8.897930304999999984e-02 3.970941212000000387e-01 4.713518083845827711e+00
1.036443030500000112e-01 3.970941212000000387e-01 4.714348271815751446e+00
1.038993030500000025e-01 3.677441211999999959e-01 4.729403459785676667e+00
1.040743030499999972e-01 3.824941212000000368e-01 4.685868647740601745e+00
1.041893030500000011e-01 3.675941212000000125e-01 4.700813835710525801e+00
1.186393030500000056e-01 3.243441212000000018e-01 4.716444023680450570e+00
1.478943030500000089e-01 3.233941211999999954e-01 4.717159211650375994e+00
1.625993030500000047e-01 3.093441212000000440e-01 4.688524399620300542e+00
1.771193030499999821e-01 2.942941211999999807e-01 4.703609587590225516e+00
2.212343030499999974e-01 2.794441212000000063e-01 4.718899775560149834e+00
2.215493030500000071e-01 2.501441212000000136e-01 4.720104963530075359e+00
2.221193030499999943e-01 2.207941211999999986e-01 4.749735151500000363e+00
2.220743030500000048e-01 2.063941212000000025e-01 4.750135151500000319e+00
2.657893330800300546e-01 1.918491212000000001e-01 4.764350151500000408e+00
2.958193631100600740e-01 1.767391212000000156e-01 4.779240151499999811e+00
3.259400900900900622e-01 1.614441211999999848e-01 4.793955151499999623e+00
3.511183344201201373e-01 1.035541212000000016e-01 4.838260151500000106e+00
3.762965787001501528e-01 1.029641211999999945e-01 4.896695151500000343e+00
4.014748230301801724e-01 8.859412120000000057e-02 4.912200151500000445e+00
4.266530673602102475e-01 8.771412120000000867e-02 4.941435151500000345e+00
4.518313116902402671e-01 5.896412119999999701e-02 5.014415151515000169e+00
4.770095559702702825e-01 2.923912120999999989e-02 5.029410151515000038e+00
5.021878003003003021e-01 -1.758787900000000136e-04 5.044625151514999573e+00
5.273660446303303218e-01 -1.501587878999999931e-02 5.088600151499999669e+00
5.525442889103603372e-01 -2.971587879000000057e-02 5.132340151500000225e+00
5.777225332403903568e-01 -3.011087879000000356e-02 5.133115151500000195e+00
6.029007775704204875e-01 -5.906087880000000095e-02 5.147695151499999788e+00
6.280790219004505071e-01 -5.919087880000000607e-02 5.162490151500000124e+00
6.532572661804805225e-01 -1.030358788000000081e-01 5.206215151500000360e+00
6.784355105105105421e-01 -1.319408787999999944e-01 5.220845151499999837e+00
7.036137548405405617e-01 -1.464608787999999995e-01 5.220835151500000215e+00
7.287919991205705772e-01 -1.471208787999999934e-01 5.220890151499999909e+00
7.539702434506005968e-01 -1.472608787999999946e-01 5.191465151500000097e+00
7.791484877806306164e-01 -1.470258788000000094e-01 5.162380151499999847e+00
8.043267321106606360e-01 -1.472108788000000001e-01 5.133220151499999773e+00
8.295049763906906515e-01 -1.469808787999999922e-01 5.117835151499999569e+00
8.546832207207206711e-01 -1.465658787999999935e-01 5.030135151515000125e+00
8.798614650507506907e-01 -1.323958788000000053e-01 4.926499999999999879e+00
9.050397093307807062e-01 -1.175958787999999977e-01 4.926499999999999879e+00
9.302179536608108368e-01 -1.031458787999999932e-01 4.926499999999999879e+00
9.553961979908408564e-01 -5.891587880000000166e-02 4.926499999999999879e+00
9.805744423208708760e-01 -4.466587879000000205e-02 4.926499999999999879e+00
1.005752686600901002e+00 -2.994087879000000008e-02 4.926499999999999879e+00
1.035060233980930944e+00 -4.351087878999999881e-02 4.912520151499999876e+00
1.065165264010961010e+00 -3.007087879000000172e-02 4.912365151500000415e+00
1.095230294040991037e+00 -3.003587879000000141e-02 4.912400151499999978e+00
1.125240324071021147e+00 -2.996087879000000273e-02 4.912480151499999614e+00
1.155495354101051086e+00 -2.993087879000000048e-02 4.912525151499999687e+00
1.198990384131081166e+00 -2.996087879000000273e-02 4.912740151500000430e+00
1.229060414161111225e+00 -2.970087878999999945e-02 4.926380151500000082e+00
1.259210444191141143e+00 -2.948587879000000300e-02 4.926470151500000227e+00
1.289335474221171118e+00 -2.943087879000000351e-02 4.926470151500000227e+00
1.319195504251201134e+00 -2.936087878999999942e-02 4.926525151499999922e+00
1.349090534281231157e+00 -2.936087878999999942e-02 4.926485151499999660e+00
1.365645564311261273e+00 -2.942087878999999698e-02 4.912785151499999614e+00
1.395605594341291278e+00 -2.965087879000000148e-02 4.912765151500000371e+00
1.425175624371321392e+00 -2.970087878999999945e-02 4.926390151499999703e+00
1.454800654401351423e+00 -2.983587878999999915e-02 4.926650151499999630e+00
1.484465684431381272e+00 -2.997587879000000038e-02 4.926980151499999572e+00
1.500615714461411399e+00 -3.014087878999999887e-02 4.927105151500000169e+00
1.530120744491441309e+00 -4.380587879000000240e-02 4.927290151500000270e+00
1.531310774521471352e+00 -4.406087879000000068e-02 4.927090151499999848e+00
1.531555804531501419e+00 -4.428587879000000366e-02 4.927010151500000212e+00
1.532655834561531538e+00 -4.464587878999999593e-02 4.926675151499999572e+00
1.548170864591561502e+00 -4.484587879000000166e-02 4.926770151500000416e+00
1.576975894621591490e+00 -5.873087879999999705e-02 4.926815151499999601e+00
1.578175924651621820e+00 -5.886587880000000716e-02 4.927100151500000358e+00
1.549420954701651754e+00 -7.361587880000000639e-02 4.941560151500000053e+00
1.564585984731681645e+00 -7.387587880000000273e-02 4.941575151500000374e+00
1.579961014761711802e+00 -8.821087880000000325e-02 4.956010151514999684e+00
1.595541044791741747e+00 -7.383087879999999936e-02 4.956220151514999728e+00
1.610466074821771842e+00 -8.831087880000000612e-02 4.956180151515000354e+00
1.611086104851801704e+00 -8.866087880000000920e-02 4.970785151514999889e+00
1.626466134881831893e+00 -1.028508788000000035e-01 5.000005151515000357e+00
1.656421164911861865e+00 -1.174908787999999898e-01 5.000375151514999672e+00
1.686451194941891885e+00 -1.029308788000000002e-01 5.014365151515000285e+00
1.716561224971921984e+00 -1.032208787999999988e-01 5.014970151514999586e+00
1.747046255001951875e+00 -8.858587880000000359e-02 5.015445151515000255e+00
1.805921285031981904e+00 -8.819587880000000213e-02 5.029395151514999718e+00
1.865391315062012279e+00 -7.340587880000000454e-02 5.030530151515000270e+00
1.909581345092042248e+00 -7.373587880000000150e-02 5.044855151514999747e+00
1.940061375122072107e+00 -5.895587880000000003e-02 5.073805151500000221e+00
1.970871405152102351e+00 -5.878587880000000349e-02 5.102980151499999728e+00
2.015516435182132415e+00 -4.459087879000000337e-02 5.103405151499999626e+00
2.060411465212162341e+00 -4.412587879000000324e-02 5.117665151499999787e+00
2.134231495242192356e+00 -4.361587878999999973e-02 5.117740151499999612e+00
2.193446525252222390e+00 -2.982587878999999956e-02 5.117730151499999991e+00
2.238501555282252475e+00 -2.929087878999999880e-02 5.117770151500000253e+00
2.282846585312282350e+00 -1.477587879000000215e-02 5.102960151499999597e+00
2.313701615342312223e+00 2.991212099999999855e-04 5.102910151499999714e+00
2.358266645372342207e+00 5.828912120000000197e-02 5.059170151500000046e+00
2.417046675402372280e+00 7.284412120000000046e-02 5.030455151514999557e+00
2.476756705452402230e+00 7.324912120000000304e-02 5.029755151515000300e+00
2.521441735482432556e+00 7.361912120000001225e-02 5.015585151515000284e+00
2.565996765512462474e+00 7.387412120000000360e-02 5.015010151514999848e+00
2.595866795542492333e+00 8.765412120000000418e-02 5.014325151515000023e+00
2.640646825572522616e+00 8.776412120000000316e-02 5.000240151515000342e+00
2.671296855602552700e+00 8.787412120000001603e-02 4.999815151514999556e+00
2.715606885632582568e+00 8.782912120000001266e-02 4.999745151515000430e+00
2.760601915662612704e+00 8.756412119999999744e-02 4.999755151515000051e+00
2.790476945692642374e+00 7.402912120000000595e-02 4.985340151515000429e+00
2.835406975722672751e+00 7.383412120000000523e-02 4.971065151514999947e+00
2.879937005752702728e+00 7.351412120000000439e-02 4.970850151515000093e+00
2.924792035782732835e+00 7.269912119999999423e-02 4.956290151514999742e+00
2.969132065812762455e+00 5.844912120000000239e-02 4.970610151515000297e+00
2.999802095842792671e+00 2.916912121000000274e-02 4.970780151515000078e+00
3.043637125872822757e+00 1.441212100000000126e-04 4.985175151514999570e+00
3.074337155902852725e+00 -1.454087879000000132e-02 4.971060151515000136e+00
3.104527185932882904e+00 -2.949587879000000259e-02 4.999745151515000430e+00
3.134782215962912844e+00 -4.389087878999999720e-02 5.014085151515000227e+00
3.164852245992942681e+00 -5.867587880000000450e-02 5.014710151514999659e+00
3.194967276022972591e+00 -7.355087879999999689e-02 5.015235151515000211e+00
3.224997306053002610e+00 -8.859587879999999971e-02 5.015095151515000182e+00
3.254707336083032754e+00 -1.179758788000000030e-01 5.015335151514999978e+00
3.284197366113062788e+00 -1.464608787999999995e-01 5.029300151514999762e+00
3.299757396143093047e+00 -1.470358788000000194e-01 5.029240151515000257e+00
3.285947426173122743e+00 -1.616008787999999863e-01 5.029635151515000402e+00
3.286942456203152840e+00 -1.624558787999999809e-01 5.029945151515000212e+00
3.302272486233182924e+00 -1.768808788000000021e-01 5.030295151515000285e+00
3.317557516263213380e+00 -2.058058788000000083e-01 5.044190151515000053e+00
3.346277546293243255e+00 -2.355458787999999970e-01 5.044120151515000039e+00
3.347292576323273483e+00 -2.502458787999999879e-01 5.044235151515000126e+00
3.333557606333303447e+00 -2.645858788000000072e-01 5.044160151515000301e+00
3.333637636363333545e+00 -2.652508788000000339e-01 5.030505151515000328e+00
3.348597666393363426e+00 -2.791408787999999919e-01 5.030395151515000052e+00
3.320507696443393719e+00 -2.793708787999999998e-01 5.030405151514999673e+00
3.306977726473423473e+00 -2.797108788000000068e-01 5.030135151515000125e+00
3.321772756503453383e+00 -2.798408788000000258e-01 5.030135151515000125e+00
3.336832786533483475e+00 -2.799908788000000093e-01 5.030220151514999571e+00
3.322962816563513666e+00 -2.798658787999999675e-01 5.030020151515000038e+00
3.309642846593543464e+00 -2.799858787999999765e-01 5.029760151515000111e+00
3.339652876623573796e+00 -2.793408788000000254e-01 5.029575151515000009e+00
3.369422906653603889e+00 -2.653408788000000129e-01 5.029305151514999572e+00
3.398977936683633683e+00 -2.645708788000000200e-01 5.029360151515000155e+00
3.414832966713663875e+00 -2.641508788000000441e-01 5.015635151515000167e+00
3.458542996743693809e+00 -2.355608788000000120e-01 5.015535151515000400e+00
3.474928026773723921e+00 -2.059458787999999818e-01 5.015165151515000197e+00
3.519093056803753505e+00 -1.768958788000000171e-01 5.014285151514999761e+00
3.563978086833783809e+00 -1.618208788000000120e-01 4.970880151514999845e+00
3.652338116863813600e+00 -1.477808787999999873e-01 4.970875151515000034e+00
3.697678146893843998e+00 -1.464658788000000045e-01 4.941515151499999980e+00
3.742368176923873690e+00 -1.175208787999999921e-01 4.941210151499999981e+00
3.787348206953903951e+00 -5.900087880000000340e-02 4.926510151499999601e+00
3.832088236983933971e+00 -4.443587879000000102e-02 4.941180151500000228e+00
3.935458266993963949e+00 -2.955587879000000015e-02 4.927250151500000008e+00
3.980648297023993809e+00 -1.457087879000000009e-02 4.956080151514999699e+00
4.025078327054024463e+00 4.390412121000000084e-02 5.000085151514999993e+00
4.069723357084054527e+00 7.328912120000000141e-02 5.014605151515000081e+00
4.129268387114084504e+00 8.793412119999999277e-02 5.029035151515000024e+00
4.173818417164114614e+00 1.177841212000000082e-01 5.030225151515000270e+00
4.218288447194144197e+00 1.620591212000000170e-01 5.044970151514999834e+00
4.277608477224174699e+00 1.904791211999999900e-01 5.074120151499999842e+00
4.307578507254204325e+00 2.054441211999999961e-01 5.103455151500000397e+00
4.323493537284234911e+00 2.067441211999999917e-01 5.118230151499999714e+00
4.353263567314264115e+00 2.355441211999999840e-01 5.132275151500000021e+00
4.368448597344294804e+00 2.792441212000000283e-01 5.132820151499999817e+00
4.354468627354324717e+00 2.943441212000000307e-01 5.132940151499999715e+00
4.384733657384354721e+00 3.093941211999999830e-01 5.147025151500000284e+00
4.414908687414384580e+00 3.239441211999999903e-01 5.147040151499999716e+00
4.459418717444414426e+00 3.385441211999999922e-01 5.147035151499999905e+00
4.489568747474444343e+00 3.822441211999999533e-01 5.146855151499999614e+00
4.519553777504474290e+00 3.971441211999999776e-01 5.133395151500000253e+00
4.593258807554504664e+00 4.115441212000000570e-01 5.132955151500000035e+00
4.623403837584534770e+00 4.116441212000000460e-01 5.132020151499999905e+00
4.639133867614564366e+00 4.114941212000000070e-01 5.088510151500000411e+00
4.683573897644595085e+00 3.970941212000000387e-01 5.044345151515000403e+00
4.728268927674625033e+00 3.970941212000000387e-01 5.015100151514999993e+00
4.758553957704655168e+00 3.677441211999999959e-01 5.000080151515000182e+00
4.788758987734684780e+00 3.824941212000000368e-01 4.926470151500000227e+00
4.818904017764714887e+00 3.675941212000000125e-01 4.911340151500000140e+00
4.863384047794744980e+00 3.243441212000000018e-01 4.896895151499999876e+00
4.922669077824775030e+00 3.233941211999999954e-01 4.867535151500000268e+00
4.967404107854805240e+00 3.093441212000000440e-01 4.808825151499999784e+00
5.011954137884834459e+00 2.942941211999999807e-01 4.793835151499999725e+00
5.086099167914865049e+00 2.794441212000000063e-01 4.779050151499999899e+00
5.116444197944894690e+00 2.501441212000000136e-01 4.750180151500000392e+00
5.147044227974925334e+00 2.207941211999999986e-01 4.749735151500000363e+00
5.177029258004955281e+00 2.063941212000000025e-01 4.750135151500000319e+00
5.220744288034985026e+00 1.918491212000000001e-01 4.764350151500000408e+00
5.250774318065015045e+00 1.767391212000000156e-01 4.779240151499999811e+00
5.280895045045045144e+00 1.614441211999999848e-01 4.793955151499999623e+00
5.306073289375074609e+00 1.035541212000000016e-01 4.838260151500000106e+00
5.331251533655104957e+00 1.029641211999999945e-01 4.896695151500000343e+00
5.356429777985135310e+00 8.859412120000000057e-02 4.912200151500000445e+00
5.381608022315164774e+00 8.771412120000000867e-02 4.941435151500000345e+00
5.406786266645195127e+00 5.896412119999999701e-02 5.014415151515000169e+00
5.431964510925225476e+00 2.923912120999999989e-02 5.029410151515000038e+00
5.457142755255254940e+00 -1.758787900000000136e-04 5.044625151514999573e+00
5.482320999585285293e+00 -1.501587878999999931e-02 5.088600151499999669e+00
5.507499243865315641e+00 -2.971587879000000057e-02 5.132340151500000225e+00
5.532677488195345106e+00 -3.011087879000000356e-02 5.133115151500000195e+00
5.557855732525375458e+00 -5.906087880000000095e-02 5.147695151499999788e+00
5.583033976855404923e+00 -5.919087880000000607e-02 5.162490151500000124e+00
5.608212221135435271e+00 -1.030358788000000081e-01 5.206215151500000360e+00
5.633390465465465624e+00 -1.319408787999999944e-01 5.220845151499999837e+00
5.658568709795495089e+00 -1.464608787999999995e-01 5.220835151500000215e+00
5.683746954075525437e+00 -1.471208787999999934e-01 5.220890151499999909e+00
5.708925198405555790e+00 -1.472608787999999946e-01 5.191465151500000097e+00
5.734103442735585254e+00 -1.470258788000000094e-01 5.162380151499999847e+00
5.759281687065615607e+00 -1.472108788000000001e-01 5.133220151499999773e+00
5.784459931345645067e+00 -1.469808787999999922e-01 5.117835151499999569e+00
5.809638175675675420e+00 -1.465658787999999935e-01 5.030135151515000125e+00
5.834816420005705773e+00 -1.323958788000000053e-01 4.926499999999999879e+00
5.859994664285735233e+00 -1.175958787999999977e-01 4.926499999999999879e+00
5.885172908615765586e+00 -1.031458787999999932e-01 4.926499999999999879e+00
5.910351152945795938e+00 -5.891587880000000166e-02 4.926499999999999879e+00
5.935529397275825403e+00 -4.466587879000000205e-02 4.926499999999999879e+00
5.960707641555855751e+00 -2.994087879000000008e-02 4.926499999999999879e+00
5.990015188935885249e+00 -4.351087878999999881e-02 4.912520151499999876e+00
6.020120218965915981e+00 -3.007087879000000172e-02 4.912365151500000415e+00
6.050185248995945564e+00 -3.003587879000000141e-02 4.912400151499999978e+00
6.080195279025975452e+00 -2.996087879000000273e-02 4.912480151499999614e+00
6.110450309056005835e+00 -2.993087879000000048e-02 4.912525151499999687e+00
6.153945339086035915e+00 -2.996087879000000273e-02 4.912740151500000430e+00
6.184015369116065308e+00 -2.970087878999999945e-02 4.926380151500000082e+00
6.214165399146096114e+00 -2.948587879000000300e-02 4.926470151500000227e+00
6.244290429176126089e+00 -2.943087879000000351e-02 4.926470151500000227e+00
6.274150459206155439e+00 -2.936087878999999942e-02 4.926525151499999922e+00
6.304045489236186128e+00 -2.936087878999999942e-02 4.926485151499999660e+00
6.320600519266215578e+00 -2.942087878999999698e-02 4.912785151499999614e+00
6.350560549296245583e+00 -2.965087879000000148e-02 4.912765151500000371e+00
6.380130579326276141e+00 -2.970087878999999945e-02 4.926390151499999703e+00
6.409755609356305506e+00 -2.983587878999999915e-02 4.926650151499999630e+00
6.439420639386336020e+00 -2.997587879000000038e-02 4.926980151499999572e+00
6.455570669416365703e+00 -3.014087878999999887e-02 4.927105151500000169e+00
6.485075699446396058e+00 -4.380587879000000240e-02 4.927290151500000270e+00
6.486265729476427211e+00 -4.406087879000000068e-02 4.927090151499999848e+00
6.486510759486456834e+00 -4.428587879000000366e-02 4.927010151500000212e+00
6.487610789516486953e+00 -4.464587878999999593e-02 4.926675151499999572e+00
6.503125819546516695e+00 -4.484587879000000166e-02 4.926770151500000416e+00
6.531930849576546905e+00 -5.873087879999999705e-02 4.926815151499999601e+00
6.533130879606576791e+00 -5.886587880000000716e-02 4.927100151500000358e+00
6.504375909656606503e+00 -7.361587880000000639e-02 4.941560151500000053e+00
6.519540939686637060e+00 -7.387587880000000273e-02 4.941575151500000374e+00
6.534915969716666773e+00 -8.821087880000000325e-02 4.956010151514999684e+00
6.550495999746696718e+00 -7.383087879999999936e-02 4.956220151514999728e+00
6.565421029776726591e+00 -8.831087880000000612e-02 4.956180151515000354e+00
6.566041059806757119e+00 -8.866087880000000920e-02 4.970785151514999889e+00
6.581421089836786642e+00 -1.028508788000000035e-01 5.000005151515000357e+00
6.611376119866816836e+00 -1.174908787999999898e-01 5.000375151514999672e+00
6.641406149896846856e+00 -1.029308788000000002e-01 5.014365151515000285e+00
6.671516179926877399e+00 -1.032208787999999988e-01 5.014970151514999586e+00
6.702001209956907068e+00 -8.858587880000000359e-02 5.015445151515000255e+00
6.760876239986937541e+00 -8.819587880000000213e-02 5.029395151514999718e+00
6.820346270016966805e+00 -7.340587880000000454e-02 5.030530151515000270e+00
6.864536300046997219e+00 -7.373587880000000150e-02 5.044855151514999747e+00
6.895016330077027078e+00 -5.895587880000000003e-02 5.073805151500000221e+00
6.925826360107056878e+00 -5.878587880000000349e-02 5.102980151499999728e+00
6.970471390137086942e+00 -4.459087879000000337e-02 5.103405151499999626e+00
7.015366420167117312e+00 -4.412587879000000324e-02 5.117665151499999787e+00
7.089186450197146883e+00 -4.361587878999999973e-02 5.117740151499999612e+00
7.148401480207176917e+00 -2.982587878999999956e-02 5.117730151499999991e+00
7.193456510237207446e+00 -2.929087878999999880e-02 5.117770151500000253e+00
7.237801540267237321e+00 -1.477587879000000215e-02 5.102960151499999597e+00
7.268656570297267194e+00 2.991212099999999855e-04 5.102910151499999714e+00
7.313221600327297622e+00 5.828912120000000197e-02 5.059170151500000046e+00
7.372001630357327251e+00 7.284412120000000046e-02 5.030455151514999557e+00
7.431711660407357201e+00 7.324912120000000304e-02 5.029755151515000300e+00
7.476396690437387527e+00 7.361912120000001225e-02 5.015585151515000284e+00
7.520951720467417445e+00 7.387412120000000360e-02 5.015010151514999848e+00
7.550821750497447304e+00 8.765412120000000418e-02 5.014325151515000023e+00
7.595601780527477587e+00 8.776412120000000316e-02 5.000240151515000342e+00
7.626251810557507227e+00 8.787412120000001603e-02 4.999815151514999556e+00
7.670561840587537539e+00 8.782912120000001266e-02 4.999745151515000430e+00
7.715556870617567675e+00 8.756412119999999744e-02 4.999755151515000051e+00
7.745431900647597345e+00 7.402912120000000595e-02 4.985340151515000429e+00
7.790361930677627278e+00 7.383412120000000523e-02 4.971065151514999947e+00
7.834891960707657255e+00 7.351412120000000439e-02 4.970850151515000093e+00
7.879746990737687362e+00 7.269912119999999423e-02 4.956290151514999742e+00
7.924087020767717426e+00 5.844912120000000239e-02 4.970610151515000297e+00
7.954757050797748086e+00 2.916912121000000274e-02 4.970780151515000078e+00
7.998592080827777728e+00 1.441212100000000126e-04 4.985175151514999570e+00
8.029292110857808140e+00 -1.454087879000000132e-02 4.971060151515000136e+00
8.059482140887837431e+00 -2.949587879000000259e-02 4.999745151515000430e+00
8.089737170917867815e+00 -4.389087878999999720e-02 5.014085151515000227e+00
8.119807200947898096e+00 -5.867587880000000450e-02 5.014710151514999659e+00
8.149922230977928450e+00 -7.355087879999999689e-02 5.015235151515000211e+00
8.179952261007958469e+00 -8.859587879999999971e-02 5.015095151515000182e+00
8.209662291037988169e+00 -1.179758788000000030e-01 5.015335151514999978e+00
8.239152321068019091e+00 -1.464608787999999995e-01 5.029300151514999762e+00
8.254712351098048018e+00 -1.470358788000000194e-01 5.029240151515000257e+00
8.240902381128078602e+00 -1.616008787999999863e-01 5.029635151515000402e+00
8.241897411158108255e+00 -1.624558787999999809e-01 5.029945151515000212e+00
8.257227441188138783e+00 -1.768808788000000021e-01 5.030295151515000285e+00
8.272512471218169239e+00 -2.058058788000000083e-01 5.044190151515000053e+00
8.301232501248199114e+00 -2.355458787999999970e-01 5.044120151515000039e+00
8.302247531278228010e+00 -2.502458787999999879e-01 5.044235151515000126e+00
8.288512561288259306e+00 -2.645858788000000072e-01 5.044160151515000301e+00
8.288592591318288072e+00 -2.652508788000000339e-01 5.030505151515000328e+00
8.303552621348318397e+00 -2.791408787999999919e-01 5.030395151515000052e+00
8.275462651398349578e+00 -2.793708787999999998e-01 5.030405151514999673e+00
8.261932681428378444e+00 -2.797108788000000068e-01 5.030135151515000125e+00
8.276727711458409686e+00 -2.798408788000000258e-01 5.030135151515000125e+00
8.291787741488439778e+00 -2.799908788000000093e-01 5.030220151514999571e+00
8.277917771518469081e+00 -2.798658787999999675e-01 5.030020151515000038e+00
8.264597801548498879e+00 -2.799858787999999765e-01 5.029760151515000111e+00
8.294607831578529655e+00 -2.793408788000000254e-01 5.029575151515000009e+00
8.324377861608558860e+00 -2.653408788000000129e-01 5.029305151514999572e+00
8.353932891638589098e+00 -2.645708788000000200e-01 5.029360151515000155e+00
8.369787921668619290e+00 -2.641508788000000441e-01 5.015635151515000167e+00
8.413497951698648336e+00 -2.355608788000000120e-01 5.015535151515000400e+00
8.429882981728679781e+00 -2.059458787999999818e-01 5.015165151515000197e+00
8.474048011758709364e+00 -1.768958788000000171e-01 5.014285151514999761e+00
8.518933041788738336e+00 -1.618208788000000120e-01 4.970880151514999845e+00
8.607293071818769903e+00 -1.477808787999999873e-01 4.970875151515000034e+00
8.652633101848799413e+00 -1.464658788000000045e-01 4.941515151499999980e+00
8.697323131878828661e+00 -1.175208787999999921e-01 4.941210151499999981e+00
8.742303161908859366e+00 -5.900087880000000340e-02 4.926510151499999601e+00
8.787043191938888498e+00 -4.443587879000000102e-02 4.941180151500000228e+00
8.890413221948918476e+00 -2.955587879000000015e-02 4.927250151500000008e+00
8.935603251978950112e+00 -1.457087879000000009e-02 4.956080151514999699e+00
8.980033282008978546e+00 4.390412121000000084e-02 5.000085151514999993e+00
9.024678312039009498e+00 7.328912120000000141e-02 5.014605151515000081e+00
9.084223342069039475e+00 8.793412119999999277e-02 5.029035151515000024e+00
9.128773372119068696e+00 1.177841212000000082e-01 5.030225151515000270e+00
9.173243402149099168e+00 1.620591212000000170e-01 5.044970151514999834e+00
9.232563432179128782e+00 1.904791211999999900e-01 5.074120151499999842e+00
9.262533462209159296e+00 2.054441211999999961e-01 5.103455151500000397e+00
9.278448492239188994e+00 2.067441211999999917e-01 5.118230151499999714e+00
9.308218522269219974e+00 2.355441211999999840e-01 5.132275151500000021e+00
9.323403552299248886e+00 2.792441212000000283e-01 5.132820151499999817e+00
9.309423582309278800e+00 2.943441212000000307e-01 5.132940151499999715e+00
9.339688612339308804e+00 3.093941211999999830e-01 5.147025151500000284e+00
9.369863642369340440e+00 3.239441211999999903e-01 5.147040151499999716e+00
9.414373672399369397e+00 3.385441211999999922e-01 5.147035151499999905e+00
9.444523702429400203e+00 3.822441211999999533e-01 5.146855151499999614e+00
9.474508732459430149e+00 3.971441211999999776e-01 5.133395151500000253e+00
9.548213762509460523e+00 4.115441212000000570e-01 5.132955151500000035e+00
9.578358792539489741e+00 4.116441212000000460e-01 5.132020151499999905e+00
9.594088822569519337e+00 4.114941212000000070e-01 5.088510151500000411e+00
9.638528852599549168e+00 3.970941212000000387e-01 5.044345151515000403e+00
9.683223882629580004e+00 3.970941212000000387e-01 5.015100151514999993e+00
9.713508912659609251e+00 3.677441211999999959e-01 5.000080151515000182e+00
9.743713942689639751e+00 3.824941212000000368e-01 4.926470151500000227e+00
9.773858972719668969e+00 3.675941212000000125e-01 4.911340151500000140e+00
9.818339002749699063e+00 3.243441212000000018e-01 4.896895151499999876e+00
9.877624032779730001e+00 3.233941211999999954e-01 4.867535151500000268e+00
9.922359062809759322e+00 3.093441212000000440e-01 4.808825151499999784e+00
9.966909092839790318e+00 2.942941211999999807e-01 4.793835151499999725e+00
1.004105412286982002e+01 2.794441212000000063e-01 4.779050151499999899e+00
1.007139915289985055e+01 2.501441212000000136e-01 4.750180151500000392e+00
1.010199918292988031e+01 2.207941211999999986e-01 4.749735151500000363e+00
1.013198421295991025e+01 2.063941212000000025e-01 4.750135151500000319e+00
1.017569924298993911e+01 1.918491212000000001e-01 4.764350151500000408e+00
1.020572927301996913e+01 1.767391212000000156e-01 4.779240151499999811e+00
1.023584999999999923e+01 1.614441211999999848e-01 4.793955151499999623e+00
1.023099821429999956e+01 1.035541212000000016e-01 4.838260151500000106e+00
1.022614642855000078e+01 1.029641211999999945e-01 4.866695151500000094e+00
1.022129464284999933e+01 8.859412120000000057e-02 4.852200151499999947e+00
1.021644285714999967e+01 8.771412120000000867e-02 4.851435151500000487e+00
1.021159107145000000e+01 5.896412119999999701e-02 4.894415151515000062e+00
1.020673928569999944e+01 2.923912120999999989e-02 4.879410151514999683e+00
1.020188749999999978e+01 -1.758787900000000136e-04 4.864625151514999857e+00
1.019703571430000011e+01 -1.501587878999999931e-02 4.878600151499999704e+00
1.019218392854999955e+01 -2.971587879000000057e-02 4.892340151500000012e+00
1.018733214284999988e+01 -3.011087879000000356e-02 4.863115151500000621e+00
1.018248035715000022e+01 -5.906087880000000095e-02 4.847695151499999966e+00
1.017762857145000055e+01 -5.919087880000000607e-02 4.832490151500000053e+00
1.017277678569999999e+01 -1.030358788000000081e-01 4.846215151500000040e+00
1.016792500000000032e+01 -1.319408787999999944e-01 4.830845151500000156e+00
1.016307321430000066e+01 -1.464608787999999995e-01 4.800835151500000286e+00
1.015822142855000010e+01 -1.471208787999999934e-01 4.770890151499999732e+00
1.015336964285000043e+01 -1.472608787999999946e-01 4.711465151499999671e+00
1.014851785715000076e+01 -1.470258788000000094e-01 4.652380151500000061e+00
1.014366607144999932e+01 -1.472108788000000001e-01 4.593220151499999737e+00
1.013881428570000054e+01 -1.469808787999999922e-01 4.547835151499999284e+00
1.013396250000000087e+01 -1.465658787999999935e-01 4.430135151515000480e+00
1.012911071429999943e+01 -1.323958788000000053e-01 4.296499999999999986e+00
1.012425892855000065e+01 -1.175958787999999977e-01 4.266499999999999737e+00
1.011940714284999920e+01 -1.031458787999999932e-01 4.236500000000000377e+00
1.011455535714999954e+01 -5.891587880000000166e-02 4.206500000000000128e+00
1.010970357144999987e+01 -4.466587879000000205e-02 4.176499999999999879e+00
1.010485178569999931e+01 -2.994087879000000008e-02 4.146499999999999631e+00
1.010412930304999968e+01 -4.351087878999999881e-02 4.102520151500000267e+00
1.010420430305000039e+01 -3.007087879000000172e-02 4.072365151500000557e+00
1.010423930305000084e+01 -3.003587879000000141e-02 4.042400151499999872e+00
1.010421930304999982e+01 -2.996087879000000273e-02 4.012480151499999259e+00
1.010444430305000019e+01 -2.993087879000000048e-02 3.982525151500000415e+00
1.011790930305000025e+01 -2.996087879000000273e-02 3.952740151500000021e+00
1.011794930305000051e+01 -2.970087878999999945e-02 3.936380151499999869e+00
1.011806930304999952e+01 -2.948587879000000300e-02 3.906470151499999766e+00
1.011816430304999948e+01 -2.943087879000000351e-02 3.876470151499999961e+00
1.011799430305000058e+01 -2.936087878999999942e-02 3.846525151499999851e+00
1.011785930305000036e+01 -2.936087878999999942e-02 3.816485151500000228e+00
1.010438430305000068e+01 -2.942087878999999698e-02 3.772785151500000378e+00
1.010431430304999978e+01 -2.965087879000000148e-02 3.742765151499999998e+00
1.010385430304999943e+01 -2.970087878999999945e-02 3.726390151499999970e+00
1.010344930305000055e+01 -2.983587878999999915e-02 3.696650151500000092e+00
1.010308430305000016e+01 -2.997587879000000038e-02 3.666980151500000229e+00
1.008920430304999982e+01 -3.014087878999999887e-02 3.637105151500000133e+00
1.008867930305000016e+01 -4.380587879000000240e-02 3.607290151499999986e+00
1.005983930304999951e+01 -4.406087879000000068e-02 3.577090151500000204e+00
1.003005430302999912e+01 -4.428587879000000366e-02 3.547010151500000319e+00
1.000112430303000011e+01 -4.464587878999999593e-02 3.516675151499999874e+00
9.986609303030000717e+00 -4.484587879000000166e-02 3.486770151500000026e+00
9.985384303029999131e+00 -5.873087879999999705e-02 3.456815151500000294e+00
9.956554303029999886e+00 -5.886587880000000716e-02 3.427100151499999914e+00
9.897769303049999579e+00 -7.361587880000000639e-02 3.411560151499999805e+00
9.882904303049999228e+00 -7.387587880000000273e-02 3.381575151499999876e+00
9.868249303049999810e+00 -8.821087880000000325e-02 3.366010151515000270e+00
9.853799303049999736e+00 -7.383087879999999936e-02 3.336220151515000065e+00
9.838694303049999590e+00 -8.831087880000000612e-02 3.306180151514999999e+00
9.809284303049999210e+00 -8.866087880000000920e-02 3.290785151515000173e+00
9.794634303049999602e+00 -1.028508788000000035e-01 3.290005151514999948e+00
9.794559303050000665e+00 -1.174908787999999898e-01 3.260375151514999903e+00
9.794559303050000665e+00 -1.029308788000000002e-01 3.244365151514999823e+00
9.794639303049999413e+00 -1.032208787999999988e-01 3.214970151515000207e+00
9.795094303049999951e+00 -8.858587880000000359e-02 3.185445151514999740e+00
9.823939303050000404e+00 -8.819587880000000213e-02 3.169395151515000286e+00
9.853379303049999649e+00 -7.340587880000000454e-02 3.140530151515000146e+00
9.867539303050000044e+00 -7.373587880000000150e-02 3.124855151515000262e+00
9.867989303050000771e+00 -5.895587880000000003e-02 3.123805151500000044e+00
9.868769303049999664e+00 -5.878587880000000349e-02 3.122980151500000190e+00
9.883384303050000597e+00 -4.459087879000000337e-02 3.093405151500000283e+00
9.898249303049999170e+00 -4.412587879000000324e-02 3.077665151499999752e+00
9.942039303050000498e+00 -4.361587878999999973e-02 3.047740151500000216e+00
9.971224303030000513e+00 -2.982587878999999956e-02 3.017730151499999902e+00
9.986249303030000135e+00 -2.929087878999999880e-02 2.987770151499999916e+00
1.000056430302999999e+01 -1.477587879000000215e-02 2.942960151499999899e+00
1.000138930303000073e+01 2.991212099999999855e-04 2.912910151500000211e+00
1.001592430302999936e+01 5.828912120000000197e-02 2.839170151500000294e+00
1.004467430302999986e+01 7.284412120000000046e-02 2.780455151515000001e+00
1.007435430305000068e+01 7.324912120000000304e-02 2.749755151515000051e+00
1.008900930305000010e+01 7.361912120000001225e-02 2.705585151514999787e+00
1.010353430305000089e+01 7.387412120000000360e-02 2.675010151514999990e+00
1.010337430304999984e+01 8.765412120000000418e-02 2.644325151514999916e+00
1.011812430304999921e+01 8.776412120000000316e-02 2.600240151514999987e+00
1.011874430305000061e+01 8.787412120000001603e-02 2.569815151515000284e+00
1.013302430305000001e+01 8.782912120000001266e-02 2.539745151515000021e+00
1.014798930305000013e+01 8.756412119999999744e-02 2.509755151515000282e+00
1.014783430305000067e+01 7.402912120000000595e-02 2.465340151514999967e+00
1.016273430304999970e+01 7.383412120000000523e-02 2.421065151515000125e+00
1.017723430304999965e+01 7.351412120000000439e-02 2.390850151515000022e+00
1.019205930304999974e+01 7.269912119999999423e-02 2.346290151515000311e+00
1.020636930304999979e+01 5.844912120000000239e-02 2.330610151515000172e+00
1.020700930305000043e+01 2.916912121000000274e-02 2.300780151515000149e+00
1.022081430305000005e+01 1.441212100000000126e-04 2.285175151515000280e+00
1.022148430304999955e+01 -1.454087879000000132e-02 2.241060151515000154e+00
1.022164430305000060e+01 -2.949587879000000259e-02 2.239745151515000199e+00
1.022186930304999919e+01 -4.389087878999999720e-02 2.224085151514999747e+00
1.022190930304999945e+01 -5.867587880000000450e-02 2.194710151515000263e+00
1.022199430304999979e+01 -7.355087879999999689e-02 2.165235151515000123e+00
1.022199430304999979e+01 -8.859587879999999971e-02 2.135095151515000289e+00
1.022167430304999947e+01 -1.179758788000000030e-01 2.105335151515000280e+00
1.022113430305000037e+01 -1.464608787999999995e-01 2.089300151515000259e+00
1.020666430304999928e+01 -1.470358788000000194e-01 2.059240151515000061e+00
1.016282430304999984e+01 -1.616008787999999863e-01 2.029635151514999958e+00
